00:48:41.008 [TUNER] --- CSV START ---
00:48:41.008 [TUNER] Metadata,PID_0(P:12.35200 I:445.32941 D:0.00000),PID_1(P:13.37410 I:478.63708 D:0.00000)
00:48:41.008 [TUNER] Tick,DeltaTime_us,Reading_0,Setpoint_0,Output_0,int_0,Reading_1,Setpoint_1,Output_1,int_1
00:48:41.010 [TUNER] 0,0,0.00,0.00,0.09,0.00,0.00,0.00,0.22,0.00
00:48:41.045 [TUNER] 1,970,0.00,8.00,0.09,0.00,0.00,8.00,0.22,0.00
00:48:41.045 [TUNER] 2,1002,0.00,16.00,0.31,0.00,0.00,16.00,0.46,0.00
00:48:41.086 [TUNER] 3,998,0.00,24.00,0.31,0.00,0.00,24.00,0.46,0.00
00:48:41.086 [TUNER] 4,1002,0.00,32.00,0.55,0.00,0.00,32.00,0.72,0.00
00:48:41.131 [TUNER] 5,1003,0.00,40.00,0.68,0.00,0.00,40.00,0.86,0.00
00:48:41.131 [TUNER] 6,995,0.00,48.00,0.68,0.00,0.00,48.00,0.86,0.00
00:48:41.168 [TUNER] 7,1000,3.44,56.00,0.90,0.00,0.00,56.00,1.14,0.00
00:48:41.168 [TUNER] 8,1000,3.44,64.00,0.90,0.00,0.00,64.00,1.14,0.00
00:48:41.213 [TUNER] 9,1000,18.22,72.00,0.97,0.00,6.87,72.00,1.34,0.00
00:48:41.213 [TUNER] 10,1000,18.22,80.00,0.97,0.00,6.87,80.00,1.34,0.00
00:48:41.213 [TUNER] 11,1000,35.19,88.00,1.02,0.00,10.65,88.00,1.59,0.00
00:48:41.255 [TUNER] 12,1000,35.19,96.00,1.02,0.00,10.65,96.00,1.59,0.00
00:48:41.256 [TUNER] 13,1000,47.05,104.00,1.14,0.00,15.39,104.00,1.84,0.00
00:48:41.298 [TUNER] 14,1000,47.05,112.00,1.14,0.00,15.39,112.00,1.84,0.00
00:48:41.298 [TUNER] 15,1000,53.10,120.00,1.34,0.00,27.78,120.00,2.00,0.00
00:48:41.340 [TUNER] 16,1000,53.10,128.00,1.34,0.00,27.78,128.00,2.00,0.00
00:48:41.341 [TUNER] 17,1000,59.66,136.00,1.54,0.00,49.71,136.00,2.02,0.00
00:48:41.382 [TUNER] 18,1000,59.66,144.00,1.54,0.00,49.71,144.00,2.02,0.00
00:48:41.382 [TUNER] 19,1000,59.76,152.00,1.84,0.00,70.69,152.00,2.04,0.00
00:48:41.428 [TUNER] 20,1000,59.76,160.00,1.84,0.00,70.69,160.00,2.04,0.00
00:48:41.428 [TUNER] 21,1000,70.14,168.00,2.01,0.00,82.33,168.00,2.20,0.00
00:48:41.467 [TUNER] 22,1000,70.14,176.00,2.01,0.00,82.33,176.00,2.20,0.00
00:48:41.467 [TUNER] 23,1000,83.60,184.00,2.15,0.00,100.22,184.00,2.27,0.00
00:48:41.510 [TUNER] 24,1000,83.60,192.00,2.15,0.00,100.22,192.00,2.27,0.00
00:48:41.511 [TUNER] 25,1000,99.52,200.00,2.25,0.00,117.97,200.00,2.34,0.00
00:48:41.553 [TUNER] 26,1000,99.52,208.00,2.25,0.00,117.97,208.00,2.34,0.00
00:48:41.554 [TUNER] 27,1000,117.42,216.00,2.33,0.00,142.49,216.00,2.31,0.00
00:48:41.595 [TUNER] 28,1000,117.42,224.00,2.33,0.00,142.49,224.00,2.31,0.00
00:48:41.596 [TUNER] 29,1000,135.17,232.00,2.41,0.00,163.81,232.00,2.32,0.00
00:48:41.596 [TUNER] 30,1000,135.17,240.00,2.41,0.00,163.81,240.00,2.32,0.00
00:48:41.638 [TUNER] 31,1000,159.68,248.00,2.40,0.00,180.87,248.00,2.39,0.00
00:48:41.638 [TUNER] 32,1000,159.68,256.00,2.40,0.00,180.87,256.00,2.39,0.00
00:48:41.680 [TUNER] 33,1000,189.59,264.00,2.31,0.00,208.27,264.00,2.30,0.00
00:48:41.680 [TUNER] 34,1000,189.59,272.00,2.31,0.00,208.27,272.00,2.30,0.00
00:48:41.725 [TUNER] 35,1000,225.55,280.00,2.13,0.00,237.05,280.00,2.19,0.00
00:48:41.725 [TUNER] 36,1000,225.55,288.00,2.13,0.00,237.05,288.00,2.19,0.00
00:48:41.763 [TUNER] 37,1000,266.34,296.00,1.87,0.00,236.03,296.00,2.49,0.00
00:48:41.764 [TUNER] 38,1000,266.34,304.00,1.87,0.00,236.03,304.00,2.49,0.00
00:48:41.809 [TUNER] 39,1000,293.82,312.00,1.76,0.00,264.42,312.00,2.39,0.00
00:48:41.809 [TUNER] 40,1000,293.82,320.00,1.76,0.00,264.42,320.00,2.39,0.00
00:48:41.850 [TUNER] 41,1000,314.09,328.00,1.73,0.00,280.26,328.00,2.45,0.00
00:48:41.850 [TUNER] 42,1000,314.09,336.00,1.73,0.00,280.26,336.00,2.45,0.00
00:48:41.892 [TUNER] 43,1000,335.46,344.00,1.69,0.00,301.52,344.00,2.44,0.00
00:48:41.892 [TUNER] 44,1000,335.46,352.00,1.69,0.00,301.52,352.00,2.44,0.00
00:48:41.937 [TUNER] 45,1000,345.68,360.00,1.79,0.00,320.25,360.00,2.45,0.00
00:48:41.937 [TUNER] 46,1000,345.68,368.00,1.79,0.00,320.25,368.00,2.45,0.00
00:48:41.937 [TUNER] 47,1000,353.85,376.00,1.92,0.00,345.54,376.00,2.37,0.00
00:48:41.979 [TUNER] 48,1000,353.85,384.00,1.92,0.00,345.54,384.00,2.37,0.00
00:48:41.981 [TUNER] 49,1000,363.83,392.00,2.04,0.00,372.64,392.00,2.26,0.00
00:48:42.019 [TUNER] 50,1000,363.83,400.00,2.04,0.00,372.64,400.00,2.26,0.00
00:48:42.021 [TUNER] 51,1000,378.69,408.00,2.10,0.00,401.20,408.00,2.11,0.00
00:48:42.062 [TUNER] 52,1000,378.69,416.00,2.10,0.00,401.20,416.00,2.11,0.00
00:48:42.062 [TUNER] 53,1000,392.29,424.00,2.17,0.00,429.19,424.00,1.96,0.00
00:48:42.105 [TUNER] 54,1000,392.29,432.00,2.17,0.00,429.19,432.00,1.96,0.00
00:48:42.105 [TUNER] 55,1000,415.20,440.00,2.12,0.00,446.44,440.00,1.96,0.00
00:48:42.149 [TUNER] 56,1000,415.20,448.00,2.12,0.00,446.44,448.00,1.96,0.00
00:48:42.149 [TUNER] 57,1000,454.14,456.00,1.86,0.00,453.36,456.00,2.10,0.00
00:48:42.189 [TUNER] 58,1000,454.14,464.00,1.86,0.00,453.36,464.00,2.10,0.00
00:48:42.189 [TUNER] 59,1000,488.73,472.00,1.63,0.00,462.34,472.00,2.22,0.00
00:48:42.233 [TUNER] 60,1000,488.73,480.00,1.63,0.00,462.34,480.00,2.22,0.00
00:48:42.233 [TUNER] 61,1000,497.50,488.00,1.72,0.00,478.11,488.00,2.24,0.00
00:48:42.276 [TUNER] 62,1000,497.50,496.00,1.72,0.00,478.11,496.00,2.24,0.00
00:48:42.276 [TUNER] 63,1000,501.09,504.00,1.90,0.00,495.88,504.00,2.24,0.00
00:48:42.276 [TUNER] 64,1000,501.09,512.00,1.90,0.00,495.88,512.00,2.24,0.00
00:48:42.318 [TUNER] 65,1000,509.11,520.00,2.02,0.00,518.68,520.00,2.17,0.00
00:48:42.318 [TUNER] 66,1000,509.11,528.00,2.02,0.00,518.68,528.00,2.17,0.00
00:48:42.362 [TUNER] 67,1000,518.96,536.00,2.13,0.00,547.24,536.00,2.01,0.00
00:48:42.363 [TUNER] 68,1000,518.96,544.00,2.13,0.00,547.24,544.00,2.01,0.00
00:48:42.404 [TUNER] 69,1000,538.87,552.00,2.11,0.00,559.77,552.00,2.06,0.00
00:48:42.406 [TUNER] 70,1000,538.87,560.00,2.11,0.00,559.77,560.00,2.06,0.00
00:48:42.442 [TUNER] 71,1000,563.38,568.00,2.02,0.00,573.24,568.00,2.11,0.00
00:48:42.443 [TUNER] 72,1001,580.89,576.00,1.91,0.00,585.35,576.00,2.05,0.00
00:48:42.487 [TUNER] 73,999,580.89,584.00,1.91,0.00,585.35,584.00,2.05,0.00
00:48:42.532 [TUNER] 74,1000,597.20,592.00,1.92,0.00,587.00,592.00,2.27,0.00
00:48:42.532 [TUNER] 75,1000,597.20,600.00,1.92,0.00,587.00,600.00,2.27,0.00
00:48:42.532 [TUNER] 76,1000,610.05,608.00,1.97,0.00,598.45,608.00,2.35,0.00
00:48:42.573 [TUNER] 77,1000,610.05,616.00,1.97,0.00,598.45,616.00,2.35,0.00
00:48:42.573 [TUNER] 78,1000,616.90,624.00,2.11,0.00,619.64,624.00,2.30,0.00
00:48:42.614 [TUNER] 79,1000,616.90,632.00,2.11,0.00,619.64,632.00,2.30,0.00
00:48:42.615 [TUNER] 80,1000,646.42,640.00,1.95,0.00,650.34,640.00,2.11,0.00
00:48:42.615 [TUNER] 81,1000,646.42,648.00,1.95,0.00,650.34,648.00,2.11,0.00
00:48:42.655 [TUNER] 82,1000,685.51,656.00,1.66,0.00,683.49,656.00,1.87,0.00
00:48:42.656 [TUNER] 83,1000,685.51,664.00,1.66,0.00,683.49,664.00,1.87,0.00
00:48:42.702 [TUNER] 84,1000,692.72,672.00,1.76,0.00,694.54,672.00,1.93,0.00
00:48:42.703 [TUNER] 85,1000,692.72,680.00,1.76,0.00,694.54,680.00,1.93,0.00
00:48:42.743 [TUNER] 86,1000,698.50,688.00,1.89,0.00,689.64,688.00,2.23,0.00
00:48:42.743 [TUNER] 87,1000,698.50,696.00,1.89,0.00,689.64,696.00,2.23,0.00
00:48:42.785 [TUNER] 88,1000,701.40,704.00,2.07,0.00,692.60,704.00,2.43,0.00
00:48:42.786 [TUNER] 89,1002,698.29,712.00,2.23,0.00,708.39,712.00,2.33,0.00
00:48:42.829 [TUNER] 90,998,698.29,720.00,2.23,0.00,708.39,720.00,2.33,0.00
00:48:42.829 [TUNER] 91,1000,699.65,728.00,2.45,0.00,733.53,728.00,2.22,0.00
00:48:42.870 [TUNER] 92,1000,699.65,736.00,2.45,0.00,733.53,736.00,2.22,0.00
00:48:42.870 [TUNER] 93,1000,709.19,744.00,2.57,0.00,760.35,744.00,2.08,0.00
00:48:42.914 [TUNER] 94,1000,709.19,752.00,2.57,0.00,760.35,752.00,2.08,0.00
00:48:42.915 [TUNER] 95,1000,740.88,760.00,2.41,0.00,774.93,760.00,2.10,0.00
00:48:42.955 [TUNER] 96,1000,740.88,768.00,2.41,0.00,774.93,768.00,2.10,0.00
00:48:42.956 [TUNER] 97,1000,793.72,776.00,1.96,0.00,774.57,776.00,2.33,0.00
00:48:42.996 [TUNER] 98,1000,793.72,784.00,1.96,0.00,774.57,784.00,2.33,0.00
00:48:42.997 [TUNER] 99,1000,837.70,792.00,1.59,0.00,782.87,792.00,2.46,0.00
00:48:42.998 [TUNER] 100,1000,837.70,800.00,1.59,0.00,782.87,800.00,2.46,0.00
00:48:43.041 [TUNER] 101,1000,869.46,808.00,1.36,0.00,810.13,808.00,2.32,0.00
00:48:43.041 [TUNER] 102,1000,869.46,816.00,1.36,0.00,810.13,816.00,2.32,0.00
00:48:43.081 [TUNER] 103,1000,896.58,824.00,1.17,0.00,842.24,824.00,2.10,0.00
00:48:43.082 [TUNER] 104,1000,896.58,832.00,1.17,0.00,842.24,832.00,2.10,0.00
00:48:43.126 [TUNER] 105,1000,865.02,840.00,1.75,0.00,854.19,840.00,2.16,0.00
00:48:43.127 [TUNER] 106,1000,865.02,848.00,1.75,0.00,854.19,848.00,2.16,0.00
00:48:43.170 [TUNER] 107,1000,850.07,856.00,2.15,0.00,850.01,856.00,2.45,0.00
00:48:43.170 [TUNER] 108,1000,850.07,864.00,2.15,0.00,850.01,864.00,2.45,0.00
00:48:43.212 [TUNER] 109,1000,851.87,872.00,2.36,0.00,844.94,872.00,2.78,0.00
00:48:43.213 [TUNER] 110,1000,851.87,880.00,2.36,0.00,844.94,880.00,2.78,0.00
00:48:43.253 [TUNER] 111,1000,858.45,888.00,2.52,0.00,870.09,888.00,2.69,0.00
00:48:43.253 [TUNER] 112,1000,858.45,896.00,2.52,0.00,870.09,896.00,2.69,0.00
00:48:43.296 [TUNER] 113,1000,882.62,904.00,2.46,0.00,905.68,904.00,2.44,0.00
00:48:43.296 [TUNER] 114,1000,882.62,912.00,2.46,0.00,905.68,912.00,2.44,0.00
00:48:43.340 [TUNER] 115,1000,924.29,920.00,2.15,0.00,901.50,920.00,2.74,0.00
00:48:43.340 [TUNER] 116,1000,924.29,928.00,2.15,0.00,901.50,928.00,2.74,0.00
00:48:43.379 [TUNER] 117,1000,974.81,936.00,1.71,0.00,906.75,936.00,2.93,0.00
00:48:43.379 [TUNER] 118,1000,974.81,944.00,1.71,0.00,906.75,944.00,2.93,0.00
00:48:43.380 [TUNER] 119,1000,992.88,952.00,1.66,0.00,936.72,952.00,2.77,0.00
00:48:43.424 [TUNER] 120,1000,992.88,960.00,1.66,0.00,936.72,960.00,2.77,0.00
00:48:43.424 [TUNER] 121,1000,1024.53,968.00,1.43,0.00,1001.93,968.00,2.10,0.00
00:48:43.466 [TUNER] 122,1000,1024.53,976.00,1.43,0.00,1001.93,976.00,2.10,0.00
00:48:43.466 [TUNER] 123,1000,1056.71,984.00,1.19,0.00,1052.38,984.00,1.59,0.00
00:48:43.506 [TUNER] 124,1000,1056.71,992.00,1.19,0.00,1052.38,992.00,1.59,0.00
00:48:43.508 [TUNER] 125,1000,1046.38,1000.00,1.49,0.00,1030.89,1000.00,2.07,0.00
00:48:43.550 [TUNER] 126,1000,1046.38,1008.00,1.49,0.00,1030.89,1008.00,2.07,0.00
00:48:43.551 [TUNER] 127,1000,1005.48,1016.00,2.21,0.00,1003.39,1016.00,2.68,0.00
00:48:43.592 [TUNER] 128,1000,1005.48,1024.00,2.21,0.00,1003.39,1024.00,2.68,0.00
00:48:43.594 [TUNER] 129,1000,979.62,1032.00,2.79,0.00,1007.16,1032.00,2.89,0.00
00:48:43.636 [TUNER] 130,1000,979.62,1040.00,2.79,0.00,1007.16,1040.00,2.89,0.00
00:48:43.637 [TUNER] 131,1000,993.30,1048.00,2.89,0.00,1023.92,1048.00,2.92,0.00
00:48:43.678 [TUNER] 132,1000,993.30,1056.00,2.89,0.00,1023.92,1056.00,2.92,0.00
00:48:43.679 [TUNER] 133,1000,1011.12,1064.00,2.93,0.00,1021.87,1064.00,3.21,0.00
00:48:43.720 [TUNER] 134,1000,1011.12,1072.00,2.93,0.00,1021.87,1072.00,3.21,0.00
00:48:43.720 [TUNER] 135,1000,1023.65,1080.00,3.04,0.00,1035.69,1080.00,3.30,0.00
00:48:43.721 [TUNER] 136,1000,1023.65,1088.00,3.04,0.00,1035.69,1088.00,3.30,0.00
00:48:43.764 [TUNER] 137,1000,1042.27,1096.00,3.07,0.00,1075.95,1096.00,3.01,0.00
00:48:43.764 [TUNER] 138,1000,1042.27,1104.00,3.07,0.00,1075.95,1104.00,3.01,0.00
00:48:43.806 [TUNER] 139,1000,1120.73,1112.00,2.30,0.00,1111.60,1112.00,2.76,0.00
00:48:43.806 [TUNER] 140,1000,1120.73,1120.00,2.30,0.00,1111.60,1120.00,2.76,0.00
00:48:43.849 [TUNER] 141,1000,1195.53,1128.00,1.53,0.00,1155.58,1128.00,2.38,0.00
00:48:43.850 [TUNER] 142,1000,1254.77,1136.00,0.86,0.00,1209.09,1136.00,1.74,0.00
00:48:43.890 [TUNER] 143,1000,1254.77,1144.00,0.86,0.00,1209.09,1144.00,1.74,0.00
00:48:43.891 [TUNER] 144,1000,1318.53,1152.00,0.14,0.00,1254.48,1152.00,1.27,0.00
00:48:43.932 [TUNER] 145,1000,1318.53,1160.00,0.14,0.00,1254.48,1160.00,1.27,0.00
00:48:43.932 [TUNER] 146,1000,1393.28,1168.00,-0.78,0.00,1249.26,1168.00,1.49,0.00
00:48:43.980 [TUNER] 147,1000,1393.28,1176.00,-0.78,0.00,1249.26,1176.00,1.49,0.00
00:48:43.980 [TUNER] 148,1000,1389.52,1184.00,-0.70,0.00,1203.86,1184.00,2.31,0.00
00:48:44.016 [TUNER] 149,1000,1389.52,1192.00,-0.70,0.00,1203.86,1192.00,2.31,0.00
00:48:44.016 [TUNER] 150,1000,1279.98,1200.00,0.80,0.00,1186.43,1200.00,2.78,0.00
00:48:44.064 [TUNER] 151,1000,1279.98,1208.00,0.80,0.00,1186.43,1208.00,2.78,0.00
00:48:44.065 [TUNER] 152,1000,1180.33,1216.00,2.27,0.00,1194.83,1216.00,2.92,0.00
00:48:44.066 [TUNER] 153,1000,1180.33,1224.00,2.27,0.00,1194.83,1224.00,2.92,0.00
00:48:44.102 [TUNER] 154,1000,1146.99,1232.00,2.98,0.00,1201.55,1232.00,3.09,0.00
00:48:44.102 [TUNER] 155,1000,1146.99,1240.00,2.98,0.00,1201.55,1240.00,3.09,0.00
00:48:44.145 [TUNER] 156,1000,1122.04,1248.00,3.61,0.00,1193.18,1248.00,3.48,0.00
00:48:44.145 [TUNER] 157,1000,1122.04,1256.00,3.61,0.00,1193.18,1256.00,3.48,0.00
00:48:44.187 [TUNER] 158,1000,1133.01,1264.00,3.80,0.00,1207.09,1264.00,3.58,0.00
00:48:44.187 [TUNER] 159,1000,1133.01,1272.00,3.80,0.00,1207.09,1272.00,3.58,0.00
00:48:44.231 [TUNER] 160,1000,1152.09,1280.00,3.90,0.00,1235.41,1280.00,3.48,0.00
00:48:44.231 [TUNER] 161,1000,1152.09,1288.00,3.90,0.00,1235.41,1288.00,3.48,0.00
00:48:44.273 [TUNER] 162,1000,1196.56,1296.00,3.65,0.00,1259.78,1296.00,3.41,0.00
00:48:44.273 [TUNER] 163,1000,1196.56,1304.00,3.65,0.00,1259.78,1304.00,3.41,0.00
00:48:44.315 [TUNER] 164,1000,1268.22,1312.00,3.02,0.00,1339.41,1312.00,2.55,0.00
00:48:44.316 [TUNER] 165,1000,1268.22,1320.00,3.02,0.00,1339.41,1320.00,2.55,0.00
00:48:44.360 [TUNER] 166,1000,1383.96,1328.00,1.75,0.00,1439.19,1328.00,1.34,0.00
00:48:44.361 [TUNER] 167,1000,1383.96,1336.00,1.75,0.00,1439.19,1336.00,1.34,0.00
00:48:44.399 [TUNER] 168,1000,1450.78,1344.00,1.04,0.00,1503.56,1344.00,0.56,0.00
00:48:44.401 [TUNER] 169,1000,1450.78,1352.00,1.04,0.00,1503.56,1352.00,0.56,0.00
00:48:44.401 [TUNER] 170,1000,1473.31,1360.00,0.88,0.00,1568.79,1360.00,-0.28,0.00
00:48:44.442 [TUNER] 171,1000,1473.31,1368.00,0.88,0.00,1568.79,1368.00,-0.28,0.00
00:48:44.442 [TUNER] 172,1000,1496.49,1376.00,0.70,0.00,1526.49,1376.00,0.37,0.00
00:48:44.484 [TUNER] 173,1000,1496.49,1384.00,0.70,0.00,1526.49,1384.00,0.37,0.00
00:48:44.485 [TUNER] 174,1002,1499.27,1392.00,0.78,0.00,1485.51,1392.00,1.05,0.00
00:48:44.529 [TUNER] 175,998,1499.27,1400.00,0.78,0.00,1485.51,1400.00,1.05,0.00
00:48:44.529 [TUNER] 176,1000,1460.82,1408.00,1.42,0.00,1436.05,1408.00,1.92,0.00
00:48:44.569 [TUNER] 177,1000,1460.82,1416.00,1.42,0.00,1436.05,1416.00,1.92,0.00
00:48:44.570 [TUNER] 178,1000,1393.72,1424.00,2.49,0.00,1392.81,1424.00,2.76,0.00
00:48:44.614 [TUNER] 179,1000,1393.72,1432.00,2.49,0.00,1392.81,1432.00,2.76,0.00
00:48:44.614 [TUNER] 180,1000,1334.89,1440.00,3.53,0.00,1351.34,1440.00,3.63,0.00
00:48:44.654 [TUNER] 181,1000,1334.89,1448.00,3.53,0.00,1351.34,1448.00,3.63,0.00
00:48:44.654 [TUNER] 182,1000,1292.98,1456.00,4.40,0.00,1354.24,1456.00,3.91,0.00
00:48:44.698 [TUNER] 183,1000,1292.98,1464.00,4.40,0.00,1354.24,1464.00,3.91,0.00
00:48:44.700 [TUNER] 184,1000,1280.06,1472.00,4.95,0.00,1365.15,1472.00,4.10,0.00
00:48:44.741 [TUNER] 185,1000,1280.06,1480.00,4.95,0.00,1365.15,1480.00,4.10,0.00
00:48:44.741 [TUNER] 186,1000,1331.58,1488.00,4.66,0.00,1348.11,1488.00,4.69,0.00
00:48:44.741 [TUNER] 187,1000,1331.58,1496.00,4.66,0.00,1348.11,1496.00,4.69,0.00
00:48:44.783 [TUNER] 188,1000,1379.67,1504.00,4.40,0.00,1403.20,1504.00,4.28,0.00
00:48:44.783 [TUNER] 189,1000,1379.67,1512.00,4.40,0.00,1403.20,1512.00,4.28,0.00
00:48:44.824 [TUNER] 190,1000,1531.53,1520.00,2.72,0.00,1509.13,1520.00,3.10,0.00
00:48:44.825 [TUNER] 191,1000,1531.53,1528.00,2.72,0.00,1509.13,1528.00,3.10,0.00
00:48:44.868 [TUNER] 192,1000,1618.66,1536.00,1.79,0.00,1623.07,1536.00,1.73,0.00
00:48:44.868 [TUNER] 193,1000,1618.66,1544.00,1.79,0.00,1623.07,1544.00,1.73,0.00
00:48:44.910 [TUNER] 194,1000,1686.65,1552.00,1.04,0.00,1741.72,1552.00,0.19,0.00
00:48:44.913 [TUNER] 195,1000,1686.65,1560.00,1.04,0.00,1741.72,1560.00,0.19,0.00
00:48:44.951 [TUNER] 196,1000,1735.88,1568.00,0.50,0.00,1769.63,1568.00,-0.15,0.00
00:48:44.951 [TUNER] 197,1000,1735.88,1576.00,0.50,0.00,1769.63,1576.00,-0.15,0.00
00:48:44.996 [TUNER] 198,1000,1744.34,1584.00,0.46,0.00,1791.96,1584.00,-0.42,0.00
00:48:44.998 [TUNER] 199,1000,1744.34,1592.00,0.46,0.00,1791.96,1592.00,-0.42,0.00
00:48:45.040 [TUNER] 200,1000,1641.16,1600.00,1.91,0.00,1749.69,1600.00,0.24,0.00
00:48:45.041 [TUNER] 201,1000,1641.16,1608.00,1.91,0.00,1749.69,1608.00,0.24,0.00
00:48:45.080 [TUNER] 202,1000,1525.96,1616.00,3.63,0.00,1667.77,1616.00,1.51,0.00
00:48:45.081 [TUNER] 203,1000,1525.96,1624.00,3.63,0.00,1667.77,1624.00,1.51,0.00
00:48:45.122 [TUNER] 204,1000,1450.99,1632.00,4.93,0.00,1605.67,1632.00,2.60,0.00
00:48:45.123 [TUNER] 205,1000,1450.99,1640.00,4.93,0.00,1605.67,1640.00,2.60,0.00
00:48:45.165 [TUNER] 206,1000,1495.81,1648.00,4.73,0.00,1545.68,1648.00,3.73,0.00
00:48:45.166 [TUNER] 207,1000,1495.81,1656.00,4.73,0.00,1545.68,1656.00,3.73,0.00
00:48:45.167 [TUNER] 208,1000,1617.58,1664.00,3.48,0.00,1478.79,1664.00,5.03,0.00
00:48:45.208 [TUNER] 209,1000,1617.58,1672.00,3.48,0.00,1478.79,1672.00,5.03,0.00
00:48:45.209 [TUNER] 210,1000,1739.04,1680.00,2.14,0.00,1475.10,1680.00,5.50,0.00
00:48:45.249 [TUNER] 211,1000,1739.04,1688.00,2.14,0.00,1475.10,1688.00,5.50,0.00
00:48:45.250 [TUNER] 212,1002,1691.14,1696.00,2.95,0.00,1490.27,1696.00,5.73,0.00
00:48:45.293 [TUNER] 213,998,1691.14,1704.00,2.95,0.00,1490.27,1704.00,5.73,0.00
00:48:45.293 [TUNER] 214,1000,1581.99,1712.00,4.63,0.00,1543.58,1712.00,5.41,0.00
00:48:45.334 [TUNER] 215,1000,1581.99,1720.00,4.63,0.00,1543.58,1720.00,5.41,0.00
00:48:45.334 [TUNER] 216,1002,1550.50,1728.00,5.39,0.00,1645.07,1728.00,4.36,0.00
00:48:45.377 [TUNER] 217,998,1550.50,1736.00,5.39,0.00,1645.07,1736.00,4.36,0.00
00:48:45.377 [TUNER] 218,1000,1592.96,1744.00,5.21,0.00,1733.96,1744.00,3.41,0.00
00:48:45.419 [TUNER] 219,1000,1592.96,1752.00,5.21,0.00,1733.96,1752.00,3.41,0.00
00:48:45.419 [TUNER] 220,1000,1739.96,1760.00,3.63,0.00,1876.82,1760.00,1.62,0.00
00:48:45.462 [TUNER] 221,1000,1739.96,1768.00,3.63,0.00,1876.82,1768.00,1.62,0.00
00:48:45.464 [TUNER] 222,1000,1940.03,1776.00,1.22,0.00,1948.15,1776.00,0.73,0.00
00:48:45.504 [TUNER] 223,1000,1940.03,1784.00,1.22,0.00,1948.15,1784.00,0.73,0.00
00:48:45.504 [TUNER] 224,1000,2038.23,1792.00,0.00,0.00,2008.65,1792.00,-0.06,0.00
00:48:45.506 [TUNER] 225,1000,2038.23,1800.00,0.00,0.00,2008.65,1800.00,-0.06,0.00
00:48:45.548 [TUNER] 226,1000,2120.23,1808.00,-1.07,0.00,1960.84,1808.00,0.66,0.00
00:48:45.550 [TUNER] 227,1000,2120.23,1816.00,-1.07,0.00,1960.84,1816.00,0.66,0.00
00:48:45.595 [TUNER] 228,1000,2125.70,1824.00,-1.20,0.00,1903.69,1824.00,1.58,0.00
00:48:45.595 [TUNER] 229,1000,2125.70,1832.00,-1.20,0.00,1903.69,1832.00,1.58,0.00
00:48:45.632 [TUNER] 230,1000,2047.61,1840.00,-0.20,0.00,1763.48,1840.00,3.76,0.00
00:48:45.633 [TUNER] 231,1000,2047.61,1848.00,-0.20,0.00,1763.48,1848.00,3.76,0.00
00:48:45.675 [TUNER] 232,1000,1833.95,1856.00,2.67,0.00,1695.98,1856.00,5.04,0.00
00:48:45.676 [TUNER] 233,1000,1833.95,1864.00,2.67,0.00,1695.98,1864.00,5.04,0.00
00:48:45.719 [TUNER] 234,1000,1699.09,1872.00,4.70,0.00,1678.06,1872.00,5.70,0.00
00:48:45.720 [TUNER] 235,1000,1699.09,1880.00,4.70,0.00,1678.06,1880.00,5.70,0.00
00:48:45.758 [TUNER] 236,1000,1714.91,1888.00,4.88,0.00,1698.09,1888.00,5.84,0.00
00:48:45.759 [TUNER] 237,1000,1714.91,1896.00,4.88,0.00,1698.09,1896.00,5.84,0.00
00:48:45.802 [TUNER] 238,1000,1736.16,1904.00,4.98,0.00,1770.81,1904.00,5.23,0.00
00:48:45.802 [TUNER] 239,1000,1736.16,1912.00,4.98,0.00,1770.81,1912.00,5.23,0.00
00:48:45.846 [TUNER] 240,1000,1751.44,1920.00,5.15,0.00,1846.16,1920.00,4.52,0.00
00:48:45.846 [TUNER] 241,1000,1751.44,1928.00,5.15,0.00,1846.16,1928.00,4.52,0.00
00:48:45.888 [TUNER] 242,1000,1734.45,1936.00,5.75,0.00,1810.23,1936.00,5.35,0.00
00:48:45.889 [TUNER] 243,1000,1734.45,1944.00,5.75,0.00,1810.23,1944.00,5.35,0.00
00:48:45.890 [TUNER] 244,1000,1732.89,1952.00,6.18,0.00,1774.62,1952.00,6.23,0.00
00:48:45.928 [TUNER] 245,1000,1732.89,1960.00,6.18,0.00,1774.62,1960.00,6.23,0.00
00:48:45.929 [TUNER] 246,1000,1795.21,1968.00,5.78,0.00,1787.36,1968.00,6.46,0.00
00:48:45.973 [TUNER] 247,1000,1795.21,1976.00,5.78,0.00,1787.36,1976.00,6.46,0.00
00:48:46.017 [TUNER] 248,1000,1906.92,1984.00,4.68,0.00,1892.04,1984.00,5.38,0.00
00:48:46.021 [TUNER] 249,1000,1906.92,1992.00,4.68,0.00,1892.04,1992.00,5.38,0.00
00:48:46.021 [TUNER] 250,1000,2050.47,2000.00,3.08,0.00,2054.01,2000.00,3.39,0.00
00:48:46.056 [TUNER] 251,1000,2050.47,2000.00,3.08,0.00,2054.01,2000.00,3.39,0.00
00:48:46.056 [TUNER] 252,1000,2184.10,2000.00,1.26,0.00,2248.88,2000.00,0.54,0.00
00:48:46.099 [TUNER] 253,1000,2184.10,2000.00,1.26,0.00,2248.88,2000.00,0.54,0.00
00:48:46.099 [TUNER] 254,1000,2293.62,2000.00,-0.35,0.00,2379.80,2000.00,-1.57,0.00
00:48:46.142 [TUNER] 255,1000,2293.62,2000.00,-0.35,0.00,2379.80,2000.00,-1.57,0.00
00:48:46.143 [TUNER] 256,1000,2388.11,2000.00,-1.86,0.00,2379.75,2000.00,-1.93,0.00
00:48:46.185 [TUNER] 257,1000,2388.11,2000.00,-1.86,0.00,2379.75,2000.00,-1.93,0.00
00:48:46.185 [TUNER] 258,1000,2295.34,2000.00,-0.98,0.00,2286.92,2000.00,-0.97,0.00
00:48:46.229 [TUNER] 259,1000,2295.34,2000.00,-0.98,0.00,2286.92,2000.00,-0.97,0.00
00:48:46.230 [TUNER] 260,1000,2130.06,2000.00,0.95,0.00,2080.38,2000.00,1.72,0.00
00:48:46.272 [TUNER] 261,1000,2130.06,2000.00,0.95,0.00,2080.38,2000.00,1.72,0.00
00:48:46.272 [TUNER] 262,1000,1944.57,2000.00,3.29,0.00,1884.21,2000.00,4.45,0.00
00:48:46.272 [TUNER] 263,1000,1944.57,2000.00,3.29,0.00,1884.21,2000.00,4.45,0.00
00:48:46.314 [TUNER] 264,1000,1813.37,2000.00,5.07,0.00,1783.98,2000.00,6.00,0.00
00:48:46.315 [TUNER] 265,1000,1813.37,2000.00,5.07,0.00,1783.98,2000.00,6.00,0.00
00:48:46.354 [TUNER] 266,1000,1811.49,2000.00,5.26,0.00,1801.72,2000.00,5.95,0.00
00:48:46.356 [TUNER] 267,1000,1811.49,2000.00,5.26,0.00,1801.72,2000.00,5.95,0.00
00:48:46.399 [TUNER] 268,1000,1858.09,2000.00,4.82,0.00,1848.55,2000.00,5.47,0.00
00:48:46.401 [TUNER] 269,1000,1858.09,2000.00,4.82,0.00,1848.55,2000.00,5.47,0.00
00:48:46.440 [TUNER] 270,1000,1953.78,2000.00,3.67,0.00,1891.18,2000.00,5.01,0.00
00:48:46.441 [TUNER] 271,1000,1953.78,2000.00,3.67,0.00,1891.18,2000.00,5.01,0.00
00:48:46.483 [TUNER] 272,1000,2062.98,2000.00,2.27,0.00,1889.20,2000.00,5.14,0.00
00:48:46.483 [TUNER] 273,1000,2062.98,2000.00,2.27,0.00,1889.20,2000.00,5.14,0.00
00:48:46.525 [TUNER] 274,1000,2193.29,2000.00,0.49,0.00,1987.26,2000.00,3.84,0.00
00:48:46.526 [TUNER] 275,1000,2193.29,2000.00,0.49,0.00,1987.26,2000.00,3.84,0.00
00:48:46.567 [TUNER] 276,1000,2247.72,2000.00,-0.41,0.00,2081.17,2000.00,2.51,0.00
00:48:46.568 [TUNER] 277,1000,2247.72,2000.00,-0.41,0.00,2081.17,2000.00,2.51,0.00
00:48:46.611 [TUNER] 278,1000,2189.89,2000.00,0.14,0.00,2233.62,2000.00,0.24,0.00
00:48:46.651 [TUNER] 279,1000,2189.89,2000.00,0.14,0.00,2233.62,2000.00,0.24,0.00
00:48:46.652 [TUNER] 280,1000,2042.26,2000.00,1.93,0.00,2286.85,2000.00,-0.74,0.00
00:48:46.653 [TUNER] 281,1000,2042.26,2000.00,1.93,0.00,2286.85,2000.00,-0.74,0.00
00:48:46.654 [TUNER] 282,1002,1935.74,2000.00,3.30,0.00,2236.05,2000.00,-0.29,0.00
00:48:46.695 [TUNER] 283,998,1935.74,2000.00,3.30,0.00,2236.05,2000.00,-0.29,0.00
00:48:46.696 [TUNER] 284,1003,1827.38,2000.00,4.79,0.00,2151.44,2000.00,0.69,0.00
00:48:46.736 [TUNER] 285,997,1827.38,2000.00,4.79,0.00,2151.44,2000.00,0.69,0.00
00:48:46.737 [TUNER] 286,1000,1833.51,2000.00,4.86,0.00,2054.73,2000.00,1.93,0.00
00:48:46.781 [TUNER] 287,1000,1833.51,2000.00,4.86,0.00,2054.73,2000.00,1.93,0.00
00:48:46.781 [TUNER] 288,1000,1899.76,2000.00,4.13,0.00,1937.58,2000.00,3.56,0.00
00:48:46.824 [TUNER] 289,1000,1899.76,2000.00,4.13,0.00,1937.58,2000.00,3.56,0.00
00:48:46.825 [TUNER] 290,1000,1988.84,2000.00,3.04,0.00,1914.29,2000.00,3.95,0.00
00:48:46.864 [TUNER] 291,1000,1988.84,2000.00,3.04,0.00,1914.29,2000.00,3.95,0.00
00:48:46.865 [TUNER] 292,1000,2109.93,2000.00,1.45,0.00,1933.46,2000.00,3.76,0.00
00:48:46.910 [TUNER] 293,1000,2109.93,2000.00,1.45,0.00,1933.46,2000.00,3.76,0.00
00:48:46.911 [TUNER] 294,1000,2050.45,2000.00,2.14,0.00,1962.54,2000.00,3.41,0.00
00:48:46.949 [TUNER] 295,1000,2050.45,2000.00,2.14,0.00,1962.54,2000.00,3.41,0.00
00:48:46.950 [TUNER] 296,1000,2009.74,2000.00,2.63,0.00,2049.37,2000.00,2.20,0.00
00:48:46.992 [TUNER] 297,1000,2009.74,2000.00,2.63,0.00,2049.37,2000.00,2.20,0.00
00:48:46.993 [TUNER] 298,1000,1985.77,2000.00,2.94,0.00,2099.93,2000.00,1.43,0.00
00:48:47.035 [TUNER] 299,1000,1985.77,2000.00,2.94,0.00,2099.93,2000.00,1.43,0.00
00:48:47.035 [TUNER] 300,1000,2043.90,2000.00,2.19,0.00,2090.56,2000.00,1.47,0.00
00:48:47.036 [TUNER] 301,1000,2043.90,2000.00,2.19,0.00,2090.56,2000.00,1.47,0.00
00:48:47.080 [TUNER] 302,1000,2062.92,2000.00,1.89,0.00,2017.78,2000.00,2.42,0.00
00:48:47.080 [TUNER] 303,1000,2062.92,2000.00,1.89,0.00,2017.78,2000.00,2.42,0.00
00:48:47.120 [TUNER] 304,1000,1988.79,2000.00,2.82,0.00,1937.22,2000.00,3.56,0.00
00:48:47.164 [TUNER] 305,1000,1988.79,2000.00,2.82,0.00,1937.22,2000.00,3.56,0.00
00:48:47.164 [TUNER] 306,1000,1919.18,2000.00,3.75,0.00,1869.33,2000.00,4.59,0.00
00:48:47.165 [TUNER] 307,1000,1919.18,2000.00,3.75,0.00,1869.33,2000.00,4.59,0.00
00:48:47.208 [TUNER] 308,1000,1890.98,2000.00,4.20,0.00,1866.57,2000.00,4.76,0.00
00:48:47.208 [TUNER] 309,1000,1890.98,2000.00,4.20,0.00,1866.57,2000.00,4.76,0.00
00:48:47.247 [TUNER] 310,1000,1923.40,2000.00,3.86,0.00,1903.87,2000.00,4.35,0.00
00:48:47.248 [TUNER] 311,1000,1923.40,2000.00,3.86,0.00,1903.87,2000.00,4.35,0.00
00:48:47.290 [TUNER] 312,1000,1961.36,2000.00,3.43,0.00,1968.07,2000.00,3.52,0.00
00:48:47.290 [TUNER] 313,1000,1961.36,2000.00,3.43,0.00,1968.07,2000.00,3.52,0.00
00:48:47.333 [TUNER] 314,1000,2029.53,2000.00,2.56,0.00,2028.03,2000.00,2.69,0.00
00:48:47.335 [TUNER] 315,1000,2029.53,2000.00,2.56,0.00,2028.03,2000.00,2.69,0.00
00:48:47.378 [TUNER] 316,1000,2094.37,2000.00,1.68,0.00,2098.32,2000.00,1.66,0.00
00:48:47.379 [TUNER] 317,1000,2094.37,2000.00,1.68,0.00,2098.32,2000.00,1.66,0.00
00:48:47.379 [TUNER] 318,1000,2214.97,2000.00,-0.00,0.00,2137.38,2000.00,1.01,0.00
00:48:47.416 [TUNER] 319,1000,2214.97,2000.00,-0.00,0.00,2137.38,2000.00,1.01,0.00
00:48:47.417 [TUNER] 320,1000,2254.75,2000.00,-0.72,0.00,2129.11,2000.00,0.99,0.00
00:48:47.461 [TUNER] 321,1000,2254.75,2000.00,-0.72,0.00,2129.11,2000.00,0.99,0.00
00:48:47.464 [TUNER] 322,1000,2210.98,2000.00,-0.37,0.00,2041.75,2000.00,2.12,0.00
00:48:47.502 [TUNER] 323,1000,2210.98,2000.00,-0.37,0.00,2041.75,2000.00,2.12,0.00
00:48:47.502 [TUNER] 324,1000,2074.60,2000.00,1.25,0.00,1959.83,2000.00,3.26,0.00
00:48:47.544 [TUNER] 325,1000,2074.60,2000.00,1.25,0.00,1959.83,2000.00,3.26,0.00
00:48:47.545 [TUNER] 326,1000,1932.85,2000.00,3.06,0.00,1954.43,2000.00,3.37,0.00
00:48:47.587 [TUNER] 327,1000,1932.85,2000.00,3.06,0.00,1954.43,2000.00,3.37,0.00
00:48:47.587 [TUNER] 328,1000,1870.99,2000.00,3.94,0.00,1932.92,2000.00,3.72,0.00
00:48:47.631 [TUNER] 329,1000,1870.99,2000.00,3.94,0.00,1932.92,2000.00,3.72,0.00
00:48:47.633 [TUNER] 330,1000,1876.49,2000.00,3.98,0.00,1943.21,2000.00,3.64,0.00
00:48:47.672 [TUNER] 331,1000,1876.49,2000.00,3.98,0.00,1943.21,2000.00,3.64,0.00
00:48:47.673 [TUNER] 332,1000,1928.98,2000.00,3.39,0.00,1932.54,2000.00,3.85,0.00
00:48:47.715 [TUNER] 333,1000,1928.98,2000.00,3.39,0.00,1932.54,2000.00,3.85,0.00
00:48:47.715 [TUNER] 334,1000,1972.70,2000.00,2.88,0.00,1966.96,2000.00,3.42,0.00
00:48:47.757 [TUNER] 335,1000,1972.70,2000.00,2.88,0.00,1966.96,2000.00,3.42,0.00
00:48:47.758 [TUNER] 336,1000,2028.29,2000.00,2.17,0.00,2001.36,2000.00,2.96,0.00
00:48:47.798 [TUNER] 337,1000,2028.29,2000.00,2.17,0.00,2001.36,2000.00,2.96,0.00
00:48:47.799 [TUNER] 338,1000,2021.22,2000.00,2.24,0.00,2085.58,2000.00,1.75,0.00
00:48:47.842 [TUNER] 339,1000,2021.22,2000.00,2.24,0.00,2085.58,2000.00,1.75,0.00
00:48:47.843 [TUNER] 340,1000,2037.90,2000.00,2.00,0.00,2142.65,2000.00,0.85,0.00
00:48:47.886 [TUNER] 341,1000,2037.90,2000.00,2.00,0.00,2142.65,2000.00,0.85,0.00
00:48:47.887 [TUNER] 342,1000,2040.94,2000.00,1.92,0.00,2148.79,2000.00,0.62,0.00
00:48:47.929 [TUNER] 343,1000,2040.94,2000.00,1.92,0.00,2148.79,2000.00,0.62,0.00
00:48:47.929 [TUNER] 344,1000,2058.83,2000.00,1.65,0.00,2090.13,2000.00,1.32,0.00
00:48:47.970 [TUNER] 345,1000,2058.83,2000.00,1.65,0.00,2090.13,2000.00,1.32,0.00
00:48:47.970 [TUNER] 346,1000,1987.24,2000.00,2.54,0.00,2029.46,2000.00,2.11,0.00
00:48:47.971 [TUNER] 347,1000,1987.24,2000.00,2.54,0.00,2029.46,2000.00,2.11,0.00
00:48:48.013 [TUNER] 348,1000,1923.09,2000.00,3.40,0.00,1953.44,2000.00,3.17,0.00
00:48:48.057 [TUNER] 349,1000,1923.09,2000.00,3.40,0.00,1953.44,2000.00,3.17,0.00
00:48:48.057 [TUNER] 350,1000,1888.96,2000.00,3.93,0.00,1902.92,2000.00,3.93,0.00
00:48:48.057 [TUNER] 351,1000,1888.96,2000.00,3.93,0.00,1902.92,2000.00,3.93,0.00
00:48:48.098 [TUNER] 352,1004,1903.62,2000.00,3.83,0.00,1928.50,2000.00,3.66,0.00
00:48:48.099 [TUNER] 353,996,1903.62,2000.00,3.83,0.00,1928.50,2000.00,3.66,0.00
00:48:48.142 [TUNER] 354,1000,1975.88,2000.00,2.96,0.00,1930.34,2000.00,3.70,0.00
00:48:48.142 [TUNER] 355,1000,1975.88,2000.00,2.96,0.00,1930.34,2000.00,3.70,0.00
00:48:48.184 [TUNER] 356,1000,2023.96,2000.00,2.34,0.00,1963.47,2000.00,3.30,0.00
00:48:48.185 [TUNER] 357,1000,2023.96,2000.00,2.34,0.00,1963.47,2000.00,3.30,0.00
00:48:48.225 [TUNER] 358,1000,2065.87,2000.00,1.77,0.00,1977.96,2000.00,3.12,0.00
00:48:48.225 [TUNER] 359,1000,2065.87,2000.00,1.77,0.00,1977.96,2000.00,3.12,0.00
00:48:48.268 [TUNER] 360,1000,2095.95,2000.00,1.31,0.00,2020.47,2000.00,2.53,0.00
00:48:48.268 [TUNER] 361,1000,2095.95,2000.00,1.31,0.00,2020.47,2000.00,2.53,0.00
00:48:48.310 [TUNER] 362,1000,2114.87,2000.00,0.98,0.00,2063.07,2000.00,1.90,0.00
00:48:48.312 [TUNER] 363,1000,2114.87,2000.00,0.98,0.00,2063.07,2000.00,1.90,0.00
00:48:48.352 [TUNER] 364,1000,2066.43,2000.00,1.51,0.00,2114.33,2000.00,1.11,0.00
00:48:48.353 [TUNER] 365,1000,2066.43,2000.00,1.51,0.00,2114.33,2000.00,1.11,0.00
00:48:48.396 [TUNER] 366,1000,2055.17,2000.00,1.60,0.00,2110.67,2000.00,1.05,0.00
00:48:48.397 [TUNER] 367,1000,2055.17,2000.00,1.60,0.00,2110.67,2000.00,1.05,0.00
00:48:48.437 [TUNER] 368,1000,2020.39,2000.00,2.02,0.00,2059.64,2000.00,1.68,0.00
00:48:48.438 [TUNER] 369,1000,2020.39,2000.00,2.02,0.00,2059.64,2000.00,1.68,0.00
00:48:48.481 [TUNER] 370,1000,2025.21,2000.00,1.93,0.00,1993.04,2000.00,2.58,0.00
00:48:48.481 [TUNER] 371,1000,2025.21,2000.00,1.93,0.00,1993.04,2000.00,2.58,0.00
00:48:48.481 [TUNER] 372,1000,1963.78,2000.00,2.72,0.00,1943.20,2000.00,3.30,0.00
00:48:48.525 [TUNER] 373,1000,1963.78,2000.00,2.72,0.00,1943.20,2000.00,3.30,0.00
00:48:48.564 [TUNER] 374,1000,1923.23,2000.00,3.29,0.00,1968.61,2000.00,2.99,0.00
00:48:48.565 [TUNER] 375,1000,1923.23,2000.00,3.29,0.00,1968.61,2000.00,2.99,0.00
00:48:48.566 [TUNER] 376,1000,1926.86,2000.00,3.31,0.00,1954.58,2000.00,3.22,0.00
00:48:48.608 [TUNER] 377,1000,1926.86,2000.00,3.31,0.00,1954.58,2000.00,3.22,0.00
00:48:48.609 [TUNER] 378,1000,1957.26,2000.00,2.98,0.00,1984.59,2000.00,2.83,0.00
00:48:48.650 [TUNER] 379,1000,1957.26,2000.00,2.98,0.00,1984.59,2000.00,2.83,0.00
00:48:48.650 [TUNER] 380,1000,2000.48,2000.00,2.44,0.00,1972.52,2000.00,3.02,0.00
00:48:48.691 [TUNER] 381,1000,2000.48,2000.00,2.44,0.00,1972.52,2000.00,3.02,0.00
00:48:48.692 [TUNER] 382,1000,1973.20,2000.00,2.80,0.00,2016.12,2000.00,2.42,0.00
00:48:48.734 [TUNER] 383,1000,1973.20,2000.00,2.80,0.00,2016.12,2000.00,2.42,0.00
00:48:48.734 [TUNER] 384,1000,1977.15,2000.00,2.77,0.00,2032.10,2000.00,2.18,0.00
00:48:48.777 [TUNER] 385,1000,1977.15,2000.00,2.77,0.00,2032.10,2000.00,2.18,0.00
00:48:48.778 [TUNER] 386,1000,1987.18,2000.00,2.66,0.00,2017.40,2000.00,2.36,0.00
00:48:48.819 [TUNER] 387,1000,1987.18,2000.00,2.66,0.00,2017.40,2000.00,2.36,0.00
00:48:48.820 [TUNER] 388,1000,2043.31,2000.00,1.93,0.00,2003.92,2000.00,2.53,0.00
00:48:48.863 [TUNER] 389,1000,2043.31,2000.00,1.93,0.00,2003.92,2000.00,2.53,0.00
00:48:48.864 [TUNER] 390,1000,2021.21,2000.00,2.18,0.00,1986.26,2000.00,2.78,0.00
00:48:48.903 [TUNER] 391,1000,2021.21,2000.00,2.18,0.00,1986.26,2000.00,2.78,0.00
00:48:48.904 [TUNER] 392,1000,2013.84,2000.00,2.26,0.00,1980.73,2000.00,2.87,0.00
00:48:48.947 [TUNER] 393,1000,2013.84,2000.00,2.26,0.00,1980.73,2000.00,2.87,0.00
00:48:48.949 [TUNER] 394,1000,1977.02,2000.00,2.74,0.00,1953.96,2000.00,3.28,0.00
00:48:48.991 [TUNER] 395,1000,1977.02,2000.00,2.74,0.00,1953.96,2000.00,3.28,0.00
00:48:48.991 [TUNER] 396,1000,1963.03,2000.00,2.94,0.00,1987.53,2000.00,2.84,0.00
00:48:49.033 [TUNER] 397,1000,1963.03,2000.00,2.94,0.00,1987.53,2000.00,2.84,0.00
00:48:49.033 [TUNER] 398,1000,1987.91,2000.00,2.65,0.00,1985.18,2000.00,2.88,0.00
00:48:49.075 [TUNER] 399,1000,1987.91,2000.00,2.65,0.00,1985.18,2000.00,2.88,0.00
00:48:49.075 [TUNER] 400,1000,1992.35,2000.00,2.60,0.00,2022.81,2000.00,2.36,0.00
00:48:49.117 [TUNER] 401,1000,1992.35,2000.00,2.60,0.00,2022.81,2000.00,2.36,0.00
00:48:49.117 [TUNER] 402,1000,2006.22,2000.00,2.42,0.00,2018.56,2000.00,2.40,0.00
00:48:49.162 [TUNER] 403,1000,2006.22,2000.00,2.42,0.00,2018.56,2000.00,2.40,0.00
00:48:49.165 [TUNER] 404,1000,2022.46,2000.00,2.20,0.00,2051.23,2000.00,1.91,0.00
00:48:49.165 [TUNER] 405,1000,2022.46,2000.00,2.20,0.00,2051.23,2000.00,1.91,0.00
00:48:49.201 [TUNER] 406,1000,2111.05,2000.00,1.01,0.00,2044.73,2000.00,1.96,0.00
00:48:49.245 [TUNER] 407,1000,2111.05,2000.00,1.01,0.00,2044.73,2000.00,1.96,0.00
00:48:49.246 [TUNER] 408,1000,2130.38,2000.00,0.65,0.00,2042.96,2000.00,1.94,0.00
00:48:49.247 [TUNER] 409,1000,2130.38,2000.00,0.65,0.00,2042.96,2000.00,1.94,0.00
00:48:49.287 [TUNER] 410,1000,2114.92,2000.00,0.74,0.00,2027.81,2000.00,2.12,0.00
00:48:49.287 [TUNER] 411,1000,2114.92,2000.00,0.74,0.00,2027.81,2000.00,2.12,0.00
00:48:49.330 [TUNER] 412,1000,2013.21,2000.00,1.99,0.00,2007.09,2000.00,2.39,0.00
00:48:49.331 [TUNER] 413,1000,2013.21,2000.00,1.99,0.00,2007.09,2000.00,2.39,0.00
00:48:49.373 [TUNER] 414,1000,1928.41,2000.00,3.10,0.00,2018.01,2000.00,2.22,0.00
00:48:49.373 [TUNER] 415,1000,1928.41,2000.00,3.10,0.00,2018.01,2000.00,2.22,0.00
00:48:49.416 [TUNER] 416,1000,1896.65,2000.00,3.58,0.00,1995.81,2000.00,2.52,0.00
00:48:49.417 [TUNER] 417,1000,1896.65,2000.00,3.58,0.00,1995.81,2000.00,2.52,0.00
00:48:49.456 [TUNER] 418,1000,1910.76,2000.00,3.49,0.00,2017.58,2000.00,2.22,0.00
00:48:49.456 [TUNER] 419,1000,1910.76,2000.00,3.49,0.00,2017.58,2000.00,2.22,0.00
00:48:49.499 [TUNER] 420,1000,1958.12,2000.00,2.94,0.00,1990.32,2000.00,2.59,0.00
00:48:49.500 [TUNER] 421,1000,1958.12,2000.00,2.94,0.00,1990.32,2000.00,2.59,0.00
00:48:49.546 [TUNER] 422,1004,2012.08,2000.00,2.26,0.00,2022.41,2000.00,2.14,0.00
00:48:49.547 [TUNER] 423,996,2012.08,2000.00,2.26,0.00,2022.41,2000.00,2.14,0.00
00:48:49.584 [TUNER] 424,1000,2043.70,2000.00,1.83,0.00,2012.35,2000.00,2.26,0.00
00:48:49.585 [TUNER] 425,1000,2043.70,2000.00,1.83,0.00,2012.35,2000.00,2.26,0.00
00:48:49.628 [TUNER] 426,1000,2004.34,2000.00,2.32,0.00,2027.37,2000.00,2.03,0.00
00:48:49.630 [TUNER] 427,1000,2004.34,2000.00,2.32,0.00,2027.37,2000.00,2.03,0.00
00:48:49.670 [TUNER] 428,1000,2010.65,2000.00,2.23,0.00,1999.87,2000.00,2.40,0.00
00:48:49.671 [TUNER] 429,1000,2010.65,2000.00,2.23,0.00,1999.87,2000.00,2.40,0.00
00:48:49.715 [TUNER] 430,1000,2013.98,2000.00,2.18,0.00,1984.74,2000.00,2.62,0.00
00:48:49.715 [TUNER] 431,1000,2013.98,2000.00,2.18,0.00,1984.74,2000.00,2.62,0.00
00:48:49.755 [TUNER] 432,1000,2032.11,2000.00,1.92,0.00,1984.66,2000.00,2.63,0.00
00:48:49.755 [TUNER] 433,1000,2032.11,2000.00,1.92,0.00,1984.66,2000.00,2.63,0.00
00:48:49.800 [TUNER] 434,1000,2012.25,2000.00,2.16,0.00,1989.76,2000.00,2.58,0.00
00:48:49.801 [TUNER] 435,1000,2012.25,2000.00,2.16,0.00,1989.76,2000.00,2.58,0.00
00:48:49.802 [TUNER] 436,1000,2015.26,2000.00,2.11,0.00,2023.04,2000.00,2.11,0.00
00:48:49.840 [TUNER] 437,1000,2015.26,2000.00,2.11,0.00,2023.04,2000.00,2.11,0.00
00:48:49.840 [TUNER] 438,1000,1976.44,2000.00,2.61,0.00,2017.02,2000.00,2.17,0.00
00:48:49.882 [TUNER] 439,1000,1976.44,2000.00,2.61,0.00,2017.02,2000.00,2.17,0.00
00:48:49.883 [TUNER] 440,1000,1995.20,2000.00,2.38,0.00,2034.54,2000.00,1.91,0.00
00:48:49.926 [TUNER] 441,1000,1995.20,2000.00,2.38,0.00,2034.54,2000.00,1.91,0.00
00:48:49.927 [TUNER] 442,1000,2006.78,2000.00,2.23,0.00,1998.73,2000.00,2.39,0.00
00:48:49.966 [TUNER] 443,1000,2006.78,2000.00,2.23,0.00,1998.73,2000.00,2.39,0.00
00:48:49.967 [TUNER] 444,1000,2017.76,2000.00,2.08,0.00,2013.04,2000.00,2.18,0.00
00:48:50.010 [TUNER] 445,1000,2017.76,2000.00,2.08,0.00,2013.04,2000.00,2.18,0.00
00:48:50.013 [TUNER] 446,1000,2038.57,2000.00,1.79,0.00,1984.97,2000.00,2.57,0.00
00:48:50.053 [TUNER] 447,1000,2038.57,2000.00,1.79,0.00,1984.97,2000.00,2.57,0.00
00:48:50.053 [TUNER] 448,1000,2067.24,2000.00,1.37,0.00,2014.05,2000.00,2.17,0.00
00:48:50.098 [TUNER] 449,1000,2067.24,2000.00,1.37,0.00,2014.05,2000.00,2.17,0.00
00:48:50.099 [TUNER] 450,1000,2062.69,2000.00,1.37,0.00,2013.27,2000.00,2.17,0.00
00:48:50.136 [TUNER] 451,1000,2062.69,2000.00,1.37,0.00,2013.27,2000.00,2.17,0.00
00:48:50.137 [TUNER] 452,1000,2009.23,2000.00,2.03,0.00,2060.75,2000.00,1.47,0.00
00:48:50.181 [TUNER] 453,1000,2009.23,2000.00,2.03,0.00,2060.75,2000.00,1.47,0.00
00:48:50.181 [TUNER] 454,1000,1983.64,2000.00,2.36,0.00,2064.37,2000.00,1.36,0.00
00:48:50.223 [TUNER] 455,1000,1983.64,2000.00,2.36,0.00,2064.37,2000.00,1.36,0.00
00:48:50.223 [TUNER] 456,1000,1932.24,2000.00,3.05,0.00,2051.80,2000.00,1.48,-0.00
00:48:50.266 [TUNER] 457,1000,1932.24,2000.00,3.05,0.00,2051.80,2000.00,1.48,-0.00
00:48:50.266 [TUNER] 458,1000,1987.33,2000.00,2.38,0.00,1998.80,2000.00,2.19,-0.00
00:48:50.308 [TUNER] 459,1000,1987.33,2000.00,2.38,0.00,1998.80,2000.00,2.19,-0.00
00:48:50.309 [TUNER] 460,1000,2036.56,2000.00,1.74,0.00,1970.14,2000.00,2.60,0.00
00:48:50.349 [TUNER] 461,1000,2036.56,2000.00,1.74,0.00,1970.14,2000.00,2.60,0.00
00:48:50.350 [TUNER] 462,1000,2079.38,2000.00,1.14,0.00,1981.57,2000.00,2.47,0.00
00:48:50.392 [TUNER] 463,1000,2079.38,2000.00,1.14,0.00,1981.57,2000.00,2.47,0.00
00:48:50.393 [TUNER] 464,1000,2038.04,2000.00,1.62,-0.00,1956.36,2000.00,2.85,0.00
00:48:50.394 [TUNER] 465,1000,2038.04,2000.00,1.62,-0.00,1956.36,2000.00,2.85,0.00
00:48:50.436 [TUNER] 466,1000,1991.22,2000.00,2.21,0.00,2003.19,2000.00,2.22,0.00
00:48:50.437 [TUNER] 467,1000,1991.22,2000.00,2.21,0.00,2003.19,2000.00,2.22,0.00
00:48:50.479 [TUNER] 468,1000,1928.00,2000.00,3.05,0.00,1989.12,2000.00,2.42,0.00
00:48:50.479 [TUNER] 469,1000,1928.00,2000.00,3.05,0.00,1989.12,2000.00,2.42,0.00
00:48:50.519 [TUNER] 470,1000,1892.88,2000.00,3.58,0.00,2013.94,2000.00,2.07,0.00
00:48:50.519 [TUNER] 471,1000,1892.88,2000.00,3.58,0.00,2013.94,2000.00,2.07,0.00
00:48:50.563 [TUNER] 472,1000,1967.88,2000.00,2.68,0.00,1978.81,2000.00,2.56,0.00
00:48:50.564 [TUNER] 473,1000,1967.88,2000.00,2.68,0.00,1978.81,2000.00,2.56,0.00
00:48:50.605 [TUNER] 474,1000,2021.00,2000.00,2.01,0.00,1978.20,2000.00,2.59,0.00
00:48:50.606 [TUNER] 475,1000,2021.00,2000.00,2.01,0.00,1978.20,2000.00,2.59,0.00
00:48:50.648 [TUNER] 476,1000,2099.57,2000.00,0.95,0.00,1977.72,2000.00,2.62,0.00
00:48:50.649 [TUNER] 477,1000,2099.57,2000.00,0.95,0.00,1977.72,2000.00,2.62,0.00
00:48:50.691 [TUNER] 478,1000,2116.04,2000.00,0.64,-0.00,1994.51,2000.00,2.40,0.00
00:48:50.691 [TUNER] 479,1000,2116.04,2000.00,0.64,-0.00,1994.51,2000.00,2.40,0.00
00:48:50.734 [TUNER] 480,1000,2087.99,2000.00,0.91,-0.00,2018.25,2000.00,2.06,0.00
00:48:50.734 [TUNER] 481,1000,2087.99,2000.00,0.91,-0.00,2018.25,2000.00,2.06,0.00
00:48:50.773 [TUNER] 482,1000,2000.26,2000.00,1.99,-0.00,1994.29,2000.00,2.39,0.00
00:48:50.773 [TUNER] 483,1000,2000.26,2000.00,1.99,-0.00,1994.29,2000.00,2.39,0.00
00:48:50.816 [TUNER] 484,1000,1973.03,2000.00,2.35,-0.00,2009.48,2000.00,2.18,0.00
00:48:50.816 [TUNER] 485,1000,1973.03,2000.00,2.35,-0.00,2009.48,2000.00,2.18,0.00
00:48:50.860 [TUNER] 486,1000,1913.44,2000.00,3.17,0.00,1995.87,2000.00,2.36,0.00
00:48:50.860 [TUNER] 487,1000,1913.44,2000.00,3.17,0.00,1995.87,2000.00,2.36,0.00
00:48:50.901 [TUNER] 488,1000,1869.21,2000.00,3.83,0.00,2010.75,2000.00,2.16,0.00
00:48:50.902 [TUNER] 489,1000,1869.21,2000.00,3.83,0.00,2010.75,2000.00,2.16,0.00
00:48:50.947 [TUNER] 490,1000,1943.78,2000.00,2.96,0.00,1986.57,2000.00,2.49,0.00
00:48:50.948 [TUNER] 491,1000,1943.78,2000.00,2.96,0.00,1986.57,2000.00,2.49,0.00
00:48:50.987 [TUNER] 492,1004,2004.03,2000.00,2.21,0.00,2022.84,2000.00,1.98,0.00
00:48:50.988 [TUNER] 493,996,2004.03,2000.00,2.21,0.00,2022.84,2000.00,1.98,0.00
00:48:50.989 [TUNER] 494,1000,2082.04,2000.00,1.17,0.00,2002.36,2000.00,2.26,0.00
00:48:51.031 [TUNER] 495,1000,2082.04,2000.00,1.17,0.00,2002.36,2000.00,2.26,0.00
00:48:51.032 [TUNER] 496,1000,2081.41,2000.00,1.11,0.00,2036.56,2000.00,1.76,0.00
00:48:51.071 [TUNER] 497,1000,2081.41,2000.00,1.11,0.00,2036.56,2000.00,1.76,0.00
00:48:51.071 [TUNER] 498,1000,2058.56,2000.00,1.34,-0.00,2038.14,2000.00,1.71,0.00
00:48:51.115 [TUNER] 499,1000,2058.56,2000.00,1.34,-0.00,2038.14,2000.00,1.71,0.00
00:48:51.115 [TUNER] 500,1000,1980.15,2000.00,2.33,-0.00,2035.98,2000.00,1.70,-0.00
00:48:51.157 [TUNER] 501,1000,1980.15,2000.00,2.33,-0.00,2035.98,2000.00,1.70,-0.00
00:48:51.158 [TUNER] 502,1000,1955.22,2000.00,2.67,0.00,2011.91,2000.00,2.01,-0.00
00:48:51.200 [TUNER] 503,1000,1955.22,2000.00,2.67,0.00,2011.91,2000.00,2.01,-0.00
00:48:51.201 [TUNER] 504,1000,1945.59,2000.00,2.84,0.00,1978.91,2000.00,2.47,0.00
00:48:51.243 [TUNER] 505,1000,1945.59,2000.00,2.84,0.00,1978.91,2000.00,2.47,0.00
00:48:51.244 [TUNER] 506,1000,1968.80,2000.00,2.58,0.00,1985.15,2000.00,2.40,0.00
00:48:51.285 [TUNER] 507,1000,1968.80,2000.00,2.58,0.00,1985.15,2000.00,2.40,0.00
00:48:51.285 [TUNER] 508,1000,2001.12,2000.00,2.18,0.00,1959.22,2000.00,2.79,0.00
00:48:51.330 [TUNER] 509,1000,2001.12,2000.00,2.18,0.00,1959.22,2000.00,2.79,0.00
00:48:51.331 [TUNER] 510,1000,2037.28,2000.00,1.70,0.00,1991.74,2000.00,2.36,0.00
00:48:51.369 [TUNER] 511,1000,2037.28,2000.00,1.70,0.00,1991.74,2000.00,2.36,0.00
00:48:51.370 [TUNER] 512,1000,2042.16,2000.00,1.60,0.00,1976.52,2000.00,2.59,0.00
00:48:51.412 [TUNER] 513,1000,2042.16,2000.00,1.60,0.00,1976.52,2000.00,2.59,0.00
00:48:51.414 [TUNER] 514,1000,1991.09,2000.00,2.24,0.00,2007.29,2000.00,2.17,0.00
00:48:51.454 [TUNER] 515,1000,1991.09,2000.00,2.24,0.00,2007.29,2000.00,2.17,0.00
00:48:51.455 [TUNER] 516,1000,2000.05,2000.00,2.13,0.00,1992.40,2000.00,2.38,0.00
00:48:51.499 [TUNER] 517,1000,2000.05,2000.00,2.13,0.00,1992.40,2000.00,2.38,0.00
00:48:51.500 [TUNER] 518,1000,1974.58,2000.00,2.47,0.00,1980.48,2000.00,2.55,0.00
00:48:51.538 [TUNER] 519,1000,1974.58,2000.00,2.47,0.00,1980.48,2000.00,2.55,0.00
00:48:51.539 [TUNER] 520,1000,2007.46,2000.00,2.06,0.00,1979.54,2000.00,2.59,0.00
00:48:51.584 [TUNER] 521,1000,2007.46,2000.00,2.06,0.00,1979.54,2000.00,2.59,0.00
00:48:51.585 [TUNER] 522,1000,1994.25,2000.00,2.23,0.00,2001.12,2000.00,2.30,0.00
00:48:51.627 [TUNER] 523,1000,1994.25,2000.00,2.23,0.00,2001.12,2000.00,2.30,0.00
00:48:51.627 [TUNER] 524,1000,2035.22,2000.00,1.69,0.00,2032.13,2000.00,1.85,0.00
00:48:51.627 [TUNER] 525,1000,2035.22,2000.00,1.69,0.00,2032.13,2000.00,1.85,0.00
00:48:51.669 [TUNER] 526,1000,2006.15,2000.00,2.04,0.00,2024.29,2000.00,1.93,0.00
00:48:51.711 [TUNER] 527,1000,2006.15,2000.00,2.04,0.00,2024.29,2000.00,1.93,0.00
00:48:51.712 [TUNER] 528,1000,2012.10,2000.00,1.96,0.00,2023.18,2000.00,1.93,0.00
00:48:51.713 [TUNER] 529,1000,2012.10,2000.00,1.96,0.00,2023.18,2000.00,1.93,0.00
00:48:51.753 [TUNER] 530,1000,1972.19,2000.00,2.48,0.00,2005.10,2000.00,2.16,0.00
00:48:51.754 [TUNER] 531,1000,1972.19,2000.00,2.48,0.00,2005.10,2000.00,2.16,0.00
00:48:51.796 [TUNER] 532,1000,1966.03,2000.00,2.58,0.00,1995.80,2000.00,2.29,0.00
00:48:51.797 [TUNER] 533,1000,1966.03,2000.00,2.58,0.00,1995.80,2000.00,2.29,0.00
00:48:51.837 [TUNER] 534,1000,1974.85,2000.00,2.49,0.00,1969.46,2000.00,2.67,0.00
00:48:51.838 [TUNER] 535,1000,1974.85,2000.00,2.49,0.00,1969.46,2000.00,2.67,0.00
00:48:51.880 [TUNER] 536,1000,1995.65,2000.00,2.24,0.00,1999.93,2000.00,2.26,0.00
00:48:51.881 [TUNER] 537,1000,1995.65,2000.00,2.24,0.00,1999.93,2000.00,2.26,0.00
00:48:51.921 [TUNER] 538,1000,2032.91,2000.00,1.75,0.00,2008.84,2000.00,2.14,0.00
00:48:51.922 [TUNER] 539,1000,2032.91,2000.00,1.75,0.00,2008.84,2000.00,2.14,0.00
00:48:51.964 [TUNER] 540,1000,2000.86,2000.00,2.15,0.00,2072.67,2000.00,1.21,0.00
00:48:51.965 [TUNER] 541,1000,2000.86,2000.00,2.15,0.00,2072.67,2000.00,1.21,0.00
00:48:52.006 [TUNER] 542,1000,2023.33,2000.00,1.85,0.00,2049.85,2000.00,1.47,-0.00
00:48:52.007 [TUNER] 543,1000,2023.33,2000.00,1.85,0.00,2049.85,2000.00,1.47,-0.00
00:48:52.050 [TUNER] 544,1000,2001.79,2000.00,2.11,0.00,2038.47,2000.00,1.59,-0.00
00:48:52.050 [TUNER] 545,1000,2001.79,2000.00,2.11,0.00,2038.47,2000.00,1.59,-0.00
00:48:52.093 [TUNER] 546,1000,2030.95,2000.00,1.73,0.00,1988.13,2000.00,2.27,-0.00
00:48:52.093 [TUNER] 547,1000,2030.95,2000.00,1.73,0.00,1988.13,2000.00,2.27,-0.00
00:48:52.134 [TUNER] 548,1000,1995.86,2000.00,2.16,0.00,1956.45,2000.00,2.74,-0.00
00:48:52.135 [TUNER] 549,1000,1995.86,2000.00,2.16,0.00,1956.45,2000.00,2.74,-0.00
00:48:52.180 [TUNER] 550,1000,1988.41,2000.00,2.27,0.00,1967.19,2000.00,2.62,0.00
00:48:52.181 [TUNER] 551,1000,1988.41,2000.00,2.27,0.00,1967.19,2000.00,2.62,0.00
00:48:52.218 [TUNER] 552,1000,1989.31,2000.00,2.26,0.00,1948.29,2000.00,2.93,0.00
00:48:52.218 [TUNER] 553,1000,1989.31,2000.00,2.26,0.00,1948.29,2000.00,2.93,0.00
00:48:52.263 [TUNER] 554,1000,2048.45,2000.00,1.49,-0.00,1986.43,2000.00,2.43,0.00
00:48:52.266 [TUNER] 555,1000,2048.45,2000.00,1.49,-0.00,1986.43,2000.00,2.43,0.00
00:48:52.306 [TUNER] 556,1000,2057.97,2000.00,1.32,-0.00,1975.70,2000.00,2.60,0.00
00:48:52.307 [TUNER] 557,1051,2060.01,2000.00,1.26,-0.00,2003.97,2000.00,2.22,0.00
00:48:52.349 [TUNER] 558,951,2060.01,2000.00,1.26,-0.00,2003.97,2000.00,2.22,0.00
00:48:52.349 [TUNER] 559,998,2045.50,2000.00,1.41,-0.00,2018.34,2000.00,2.01,0.00
00:48:52.350 [TUNER] 560,1000,2045.50,2000.00,1.41,-0.00,2018.34,2000.00,2.01,0.00
00:48:52.390 [TUNER] 561,1000,1993.76,2000.00,2.05,-0.00,1987.49,2000.00,2.43,0.00
00:48:52.390 [TUNER] 562,1002,1988.20,2000.00,2.13,-0.00,2003.69,2000.00,2.21,0.00
00:48:52.432 [TUNER] 563,998,1988.20,2000.00,2.13,-0.00,2003.69,2000.00,2.21,0.00
00:48:52.432 [TUNER] 564,1000,1984.98,2000.00,2.18,-0.00,1985.32,2000.00,2.47,0.00
00:48:52.479 [TUNER] 565,1000,1984.98,2000.00,2.18,-0.00,1985.32,2000.00,2.47,0.00
00:48:52.480 [TUNER] 566,1000,1921.29,2000.00,3.03,-0.00,1997.15,2000.00,2.32,0.00
00:48:52.517 [TUNER] 567,1000,1921.29,2000.00,3.03,-0.00,1997.15,2000.00,2.32,0.00
00:48:52.518 [TUNER] 568,1000,1978.57,2000.00,2.35,-0.00,1999.75,2000.00,2.28,0.00
00:48:52.559 [TUNER] 569,1000,1978.57,2000.00,2.35,-0.00,1999.75,2000.00,2.28,0.00
00:48:52.560 [TUNER] 570,1000,2015.81,2000.00,1.87,-0.00,1970.90,2000.00,2.70,0.00
00:48:52.602 [TUNER] 571,1000,2015.81,2000.00,1.87,-0.00,1970.90,2000.00,2.70,0.00
00:48:52.603 [TUNER] 572,1000,2021.54,2000.00,1.78,-0.00,1987.34,2000.00,2.49,0.00
00:48:52.647 [TUNER] 573,1000,2021.54,2000.00,1.78,-0.00,1987.34,2000.00,2.49,0.00
00:48:52.648 [TUNER] 574,1000,1988.34,2000.00,2.20,-0.00,1971.28,2000.00,2.73,0.00
00:48:52.685 [TUNER] 575,1000,1988.34,2000.00,2.20,-0.00,1971.28,2000.00,2.73,0.00
00:48:52.686 [TUNER] 576,1000,1982.39,2000.00,2.29,-0.00,2009.97,2000.00,2.20,0.00
00:48:52.730 [TUNER] 577,1000,1982.39,2000.00,2.29,-0.00,2009.97,2000.00,2.20,0.00
00:48:52.731 [TUNER] 578,1000,1986.22,2000.00,2.26,-0.00,1997.98,2000.00,2.37,0.00
00:48:52.771 [TUNER] 579,1000,1986.22,2000.00,2.26,-0.00,1997.98,2000.00,2.37,0.00
00:48:52.771 [TUNER] 580,1000,1984.13,2000.00,2.30,0.00,2034.77,2000.00,1.84,0.00
00:48:52.816 [TUNER] 581,1000,1984.13,2000.00,2.30,0.00,2034.77,2000.00,1.84,0.00
00:48:52.817 [TUNER] 582,1000,1997.92,2000.00,2.13,0.00,2033.28,2000.00,1.83,0.00
00:48:52.858 [TUNER] 583,1000,1997.92,2000.00,2.13,0.00,2033.28,2000.00,1.83,0.00
00:48:52.859 [TUNER] 584,1000,1996.92,2000.00,2.14,0.00,2049.26,2000.00,1.57,0.00
00:48:52.901 [TUNER] 585,1000,1996.92,2000.00,2.14,0.00,2049.26,2000.00,1.57,0.00
00:48:52.902 [TUNER] 586,1000,2013.31,2000.00,1.93,0.00,2007.08,2000.00,2.13,0.00
00:48:52.902 [TUNER] 587,1000,2013.31,2000.00,1.93,0.00,2007.08,2000.00,2.13,0.00
00:48:52.941 [TUNER] 588,1000,2017.83,2000.00,1.86,-0.00,1992.22,2000.00,2.33,0.00
00:48:52.988 [TUNER] 589,1000,2017.83,2000.00,1.86,-0.00,1992.22,2000.00,2.33,0.00
00:48:52.988 [TUNER] 590,1000,2038.62,2000.00,1.57,-0.00,2002.68,2000.00,2.19,0.00
00:48:52.989 [TUNER] 591,1000,2038.62,2000.00,1.57,-0.00,2002.68,2000.00,2.19,0.00
00:48:53.027 [TUNER] 592,1000,2000.28,2000.00,2.04,-0.00,1986.99,2000.00,2.41,0.00
00:48:53.029 [TUNER] 593,1000,2000.28,2000.00,2.04,-0.00,1986.99,2000.00,2.41,0.00
00:48:53.069 [TUNER] 594,1000,2021.15,2000.00,1.76,-0.00,2007.08,2000.00,2.14,0.00
00:48:53.069 [TUNER] 595,1000,2021.15,2000.00,1.76,-0.00,2007.08,2000.00,2.14,0.00
00:48:53.114 [TUNER] 596,1000,2018.94,2000.00,1.77,-0.00,1976.76,2000.00,2.56,0.00
00:48:53.115 [TUNER] 597,1000,2018.94,2000.00,1.77,-0.00,1976.76,2000.00,2.56,0.00
00:48:53.155 [TUNER] 598,1000,2003.44,2000.00,1.96,-0.00,1997.18,2000.00,2.29,0.00
00:48:53.155 [TUNER] 599,1000,2003.44,2000.00,1.96,-0.00,1997.18,2000.00,2.29,0.00
00:48:53.199 [TUNER] 600,1000,1949.80,2000.00,2.67,-0.00,1980.87,2000.00,2.53,0.00
00:48:53.200 [TUNER] 601,1000,1949.80,2000.00,2.67,-0.00,1980.87,2000.00,2.53,0.00
00:48:53.240 [TUNER] 602,1000,1939.53,2000.00,2.85,0.00,2003.90,2000.00,2.22,0.00
00:48:53.240 [TUNER] 603,1000,1939.53,2000.00,2.85,0.00,2003.90,2000.00,2.22,0.00
00:48:53.282 [TUNER] 604,1000,2000.04,2000.00,2.10,0.00,2001.71,2000.00,2.25,0.00
00:48:53.282 [TUNER] 605,1000,2000.04,2000.00,2.10,0.00,2001.71,2000.00,2.25,0.00
00:48:53.326 [TUNER] 606,1000,2043.29,2000.00,1.53,-0.00,2003.40,2000.00,2.22,0.00
00:48:53.326 [TUNER] 607,1000,2043.29,2000.00,1.53,-0.00,2003.40,2000.00,2.22,0.00
00:48:53.366 [TUNER] 608,1000,2058.99,2000.00,1.28,-0.00,1994.43,2000.00,2.35,0.00
00:48:53.367 [TUNER] 609,1000,2058.99,2000.00,1.28,-0.00,1994.43,2000.00,2.35,0.00
00:48:53.410 [TUNER] 610,1000,2037.19,2000.00,1.52,-0.00,1995.85,2000.00,2.33,0.00
00:48:53.412 [TUNER] 611,1000,2037.19,2000.00,1.52,-0.00,1995.85,2000.00,2.33,0.00
00:48:53.452 [TUNER] 612,1000,2019.75,2000.00,1.72,-0.00,2009.02,2000.00,2.15,0.00
00:48:53.452 [TUNER] 613,1000,2019.75,2000.00,1.72,-0.00,2009.02,2000.00,2.15,0.00
00:48:53.497 [TUNER] 614,1000,1988.62,2000.00,2.11,-0.00,1981.75,2000.00,2.53,0.00
00:48:53.537 [TUNER] 615,1000,1988.62,2000.00,2.11,-0.00,1981.75,2000.00,2.53,0.00
00:48:53.537 [TUNER] 616,1000,1982.61,2000.00,2.20,-0.00,1994.30,2000.00,2.37,0.00
00:48:53.538 [TUNER] 617,1000,1982.61,2000.00,2.20,-0.00,1994.30,2000.00,2.37,0.00
00:48:53.539 [TUNER] 618,1000,1929.70,2000.00,2.92,-0.00,1982.00,2000.00,2.55,0.00
00:48:53.580 [TUNER] 619,1000,1929.70,2000.00,2.92,-0.00,1982.00,2000.00,2.55,0.00
00:48:53.580 [TUNER] 620,1000,1926.89,2000.00,3.02,0.00,2001.37,2000.00,2.29,0.00
00:48:53.624 [TUNER] 621,1000,1926.89,2000.00,3.02,0.00,2001.37,2000.00,2.29,0.00
00:48:53.624 [TUNER] 622,1000,1960.72,2000.00,2.63,0.00,1980.79,2000.00,2.58,0.00
00:48:53.665 [TUNER] 623,1000,1960.72,2000.00,2.63,0.00,1980.79,2000.00,2.58,0.00
00:48:53.666 [TUNER] 624,1000,2020.42,2000.00,1.88,0.00,2010.71,2000.00,2.17,0.00
00:48:53.709 [TUNER] 625,1000,2020.42,2000.00,1.88,0.00,2010.71,2000.00,2.17,0.00
00:48:53.709 [TUNER] 626,1000,2083.65,2000.00,1.02,-0.00,2019.18,2000.00,2.04,0.00
00:48:53.750 [TUNER] 627,1000,2083.65,2000.00,1.02,-0.00,2019.18,2000.00,2.04,0.00
00:48:53.750 [TUNER] 628,1000,2091.28,2000.00,0.85,-0.00,2068.91,2000.00,1.31,0.00
00:48:53.793 [TUNER] 629,1000,2091.28,2000.00,0.85,-0.00,2068.91,2000.00,1.31,0.00
00:48:53.795 [TUNER] 630,1000,2099.10,2000.00,0.66,-0.00,2050.28,2000.00,1.51,-0.00
00:48:53.836 [TUNER] 631,1000,2099.10,2000.00,0.66,-0.00,2050.28,2000.00,1.51,-0.00
00:48:53.837 [TUNER] 632,1004,2068.31,2000.00,0.98,-0.00,2012.12,2000.00,2.01,-0.00
00:48:53.878 [TUNER] 633,1011,2050.34,2000.00,1.18,-0.00,1995.24,2000.00,2.24,-0.00
00:48:53.879 [TUNER] 634,985,2050.34,2000.00,1.18,-0.00,1995.24,2000.00,2.24,-0.00
00:48:53.919 [TUNER] 635,1000,1970.17,2000.00,2.19,-0.00,1950.40,2000.00,2.88,0.00
00:48:53.920 [TUNER] 636,1000,1970.17,2000.00,2.19,-0.00,1950.40,2000.00,2.88,0.00
00:48:53.962 [TUNER] 637,1000,1928.34,2000.00,2.77,-0.00,1953.75,2000.00,2.88,0.00
00:48:53.964 [TUNER] 638,1000,1928.34,2000.00,2.77,-0.00,1953.75,2000.00,2.88,0.00
00:48:54.005 [TUNER] 639,1000,1968.75,2000.00,2.30,-0.00,1989.08,2000.00,2.42,0.00
00:48:54.005 [TUNER] 640,1000,1968.75,2000.00,2.30,-0.00,1989.08,2000.00,2.42,0.00
00:48:54.052 [TUNER] 641,1004,1986.51,2000.00,2.10,-0.00,1997.63,2000.00,2.30,0.00
00:48:54.052 [TUNER] 642,996,1986.51,2000.00,2.10,-0.00,1997.63,2000.00,2.30,0.00
00:48:54.091 [TUNER] 643,1000,2026.47,2000.00,1.58,-0.00,2000.94,2000.00,2.26,0.00
00:48:54.092 [TUNER] 644,1000,2026.47,2000.00,1.58,-0.00,2000.94,2000.00,2.26,0.00
00:48:54.134 [TUNER] 645,1000,1951.04,2000.00,2.55,-0.00,1999.34,2000.00,2.28,0.00
00:48:54.134 [TUNER] 646,1000,1951.04,2000.00,2.55,-0.00,1999.34,2000.00,2.28,0.00
00:48:54.135 [TUNER] 647,1000,1942.24,2000.00,2.71,-0.00,2028.99,2000.00,1.86,0.00
00:48:54.175 [TUNER] 648,1000,1942.24,2000.00,2.71,-0.00,2028.99,2000.00,1.86,0.00
00:48:54.176 [TUNER] 649,1000,1933.49,2000.00,2.88,-0.00,2020.06,2000.00,1.96,0.00
00:48:54.217 [TUNER] 650,1000,1933.49,2000.00,2.88,-0.00,2020.06,2000.00,1.96,0.00
00:48:54.218 [TUNER] 651,1000,1991.77,2000.00,2.17,-0.00,2026.66,2000.00,1.84,0.00
00:48:54.262 [TUNER] 652,1000,1991.77,2000.00,2.17,-0.00,2026.66,2000.00,1.84,0.00
00:48:54.263 [TUNER] 653,1000,2016.05,2000.00,1.85,-0.00,2009.61,2000.00,2.06,0.00
00:48:54.303 [TUNER] 654,1000,2016.05,2000.00,1.85,-0.00,2009.61,2000.00,2.06,0.00
00:48:54.304 [TUNER] 655,1000,2009.72,2000.00,1.92,-0.00,2025.18,2000.00,1.83,-0.00
00:48:54.346 [TUNER] 656,1000,2009.72,2000.00,1.92,-0.00,2025.18,2000.00,1.83,-0.00
00:48:54.347 [TUNER] 657,1000,1973.72,2000.00,2.39,-0.00,1992.96,2000.00,2.27,-0.00
00:48:54.387 [TUNER] 658,1000,1973.72,2000.00,2.39,-0.00,1992.96,2000.00,2.27,-0.00
00:48:54.388 [TUNER] 659,1000,1946.64,2000.00,2.77,0.00,2001.55,2000.00,2.15,-0.00
00:48:54.432 [TUNER] 660,1000,1946.64,2000.00,2.77,0.00,2001.55,2000.00,2.15,-0.00
00:48:54.434 [TUNER] 661,1000,1969.65,2000.00,2.52,0.00,1989.52,2000.00,2.32,-0.00
00:48:54.472 [TUNER] 662,1000,1969.65,2000.00,2.52,0.00,1989.52,2000.00,2.32,-0.00
00:48:54.472 [TUNER] 663,1000,1976.02,2000.00,2.46,0.00,2000.51,2000.00,2.17,-0.00
00:48:54.516 [TUNER] 664,1000,1976.02,2000.00,2.46,0.00,2000.51,2000.00,2.17,-0.00
00:48:54.517 [TUNER] 665,1000,1996.59,2000.00,2.21,0.00,1995.56,2000.00,2.25,0.00
00:48:54.559 [TUNER] 666,1000,1996.59,2000.00,2.21,0.00,1995.56,2000.00,2.25,0.00
00:48:54.560 [TUNER] 667,1000,2004.45,2000.00,2.11,0.00,2005.35,2000.00,2.11,-0.00
00:48:54.600 [TUNER] 668,1000,2004.45,2000.00,2.11,0.00,2005.35,2000.00,2.11,-0.00
00:48:54.602 [TUNER] 669,1000,2041.67,2000.00,1.61,0.00,2032.08,2000.00,1.72,-0.00
00:48:54.642 [TUNER] 670,1000,2041.67,2000.00,1.61,0.00,2032.08,2000.00,1.72,-0.00
00:48:54.643 [TUNER] 671,1000,2004.43,2000.00,2.07,0.00,2041.43,2000.00,1.56,-0.00
00:48:54.685 [TUNER] 672,1000,2004.43,2000.00,2.07,0.00,2041.43,2000.00,1.56,-0.00
00:48:54.686 [TUNER] 673,1000,2000.42,2000.00,2.12,0.00,2033.45,2000.00,1.63,-0.00
00:48:54.729 [TUNER] 674,1000,2000.42,2000.00,2.12,0.00,2033.45,2000.00,1.63,-0.00
00:48:54.732 [TUNER] 675,1000,1992.05,2000.00,2.23,0.00,1987.55,2000.00,2.26,-0.00
00:48:54.769 [TUNER] 676,1000,1992.05,2000.00,2.23,0.00,1987.55,2000.00,2.26,-0.00
00:48:54.770 [TUNER] 677,1000,2012.85,2000.00,1.96,0.00,1993.79,2000.00,2.18,-0.00
00:48:54.812 [TUNER] 678,1000,2012.85,2000.00,1.96,0.00,1993.79,2000.00,2.18,-0.00
00:48:54.812 [TUNER] 679,1000,1996.84,2000.00,2.16,0.00,1973.00,2000.00,2.48,-0.00
00:48:54.855 [TUNER] 680,1000,1996.84,2000.00,2.16,0.00,1973.00,2000.00,2.48,-0.00
00:48:54.855 [TUNER] 681,1000,1972.01,2000.00,2.49,0.00,1985.58,2000.00,2.33,-0.00
00:48:54.856 [TUNER] 682,1000,1972.01,2000.00,2.49,0.00,1985.58,2000.00,2.33,-0.00
00:48:54.896 [TUNER] 683,1000,1979.63,2000.00,2.41,0.00,1980.18,2000.00,2.42,-0.00
00:48:54.942 [TUNER] 684,1000,1979.63,2000.00,2.41,0.00,1980.18,2000.00,2.42,-0.00
00:48:54.942 [TUNER] 685,1000,1997.76,2000.00,2.19,0.00,1982.74,2000.00,2.40,-0.00
00:48:54.942 [TUNER] 686,1000,1997.76,2000.00,2.19,0.00,1982.74,2000.00,2.40,-0.00
00:48:54.981 [TUNER] 687,1000,2062.08,2000.00,1.34,0.00,1993.37,2000.00,2.27,-0.00
00:48:54.981 [TUNER] 688,1000,2062.08,2000.00,1.34,0.00,1993.37,2000.00,2.27,-0.00
00:48:55.026 [TUNER] 689,1000,2039.67,2000.00,1.58,-0.00,1998.44,2000.00,2.20,-0.00
00:48:55.026 [TUNER] 690,1000,2039.67,2000.00,1.58,-0.00,1998.44,2000.00,2.20,-0.00
00:48:55.066 [TUNER] 691,1000,2040.63,2000.00,1.54,-0.00,2023.11,2000.00,1.85,-0.00
00:48:55.067 [TUNER] 692,1000,2040.63,2000.00,1.54,-0.00,2023.11,2000.00,1.85,-0.00
00:48:55.113 [TUNER] 693,1000,2010.48,2000.00,1.90,-0.00,1999.90,2000.00,2.16,-0.00
00:48:55.115 [TUNER] 694,1000,2010.48,2000.00,1.90,-0.00,1999.90,2000.00,2.16,-0.00
00:48:55.153 [TUNER] 695,1000,2000.10,2000.00,2.03,-0.00,2001.94,2000.00,2.13,-0.00
00:48:55.155 [TUNER] 696,1000,2000.10,2000.00,2.03,-0.00,2001.94,2000.00,2.13,-0.00
00:48:55.196 [TUNER] 697,1000,1962.59,2000.00,2.52,-0.00,1974.37,2000.00,2.52,-0.00
00:48:55.196 [TUNER] 698,1000,1962.59,2000.00,2.52,-0.00,1974.37,2000.00,2.52,-0.00
00:48:55.235 [TUNER] 699,1000,1957.97,2000.00,2.62,0.00,2000.00,2000.00,2.18,-0.00
00:48:55.236 [TUNER] 700,1000,1957.97,2000.00,2.62,0.00,2000.00,2000.00,2.18,-0.00
00:48:55.280 [TUNER] 701,1000,1987.72,2000.00,2.26,0.00,1969.75,2000.00,2.61,0.00
00:48:55.280 [TUNER] 702,1000,2008.13,2000.00,2.01,0.00,1990.33,2000.00,2.34,0.00
00:48:55.324 [TUNER] 703,1000,2008.13,2000.00,2.01,0.00,1990.33,2000.00,2.34,0.00
00:48:55.324 [TUNER] 704,1000,2052.15,2000.00,1.42,-0.00,1991.45,2000.00,2.34,0.00
00:48:55.365 [TUNER] 705,1000,2052.15,2000.00,1.42,-0.00,1991.45,2000.00,2.34,0.00
00:48:55.366 [TUNER] 706,1000,2054.05,2000.00,1.35,-0.00,1981.44,2000.00,2.49,0.00
00:48:55.409 [TUNER] 707,1000,2054.05,2000.00,1.35,-0.00,1981.44,2000.00,2.49,0.00
00:48:55.410 [TUNER] 708,1000,2019.50,2000.00,1.76,-0.00,2004.36,2000.00,2.18,0.00
00:48:55.452 [TUNER] 709,1000,2019.50,2000.00,1.76,-0.00,2004.36,2000.00,2.18,0.00
00:48:55.454 [TUNER] 710,1000,1984.98,2000.00,2.19,-0.00,2000.36,2000.00,2.23,0.00
00:48:55.493 [TUNER] 711,1000,1984.98,2000.00,2.19,-0.00,2000.36,2000.00,2.23,0.00
00:48:55.493 [TUNER] 712,1000,1960.80,2000.00,2.53,-0.00,2038.39,2000.00,1.68,0.00
00:48:55.536 [TUNER] 713,1000,1960.80,2000.00,2.53,-0.00,2038.39,2000.00,1.68,0.00
00:48:55.538 [TUNER] 714,1000,1979.26,2000.00,2.32,-0.00,2043.05,2000.00,1.58,-0.00
00:48:55.578 [TUNER] 715,1000,1979.26,2000.00,2.32,-0.00,2043.05,2000.00,1.58,-0.00
00:48:55.579 [TUNER] 716,1000,1985.43,2000.00,2.26,-0.00,2082.85,2000.00,0.97,-0.00
00:48:55.582 [TUNER] 717,1000,1985.43,2000.00,2.26,-0.00,2082.85,2000.00,0.97,-0.00
00:48:55.620 [TUNER] 718,1000,2031.60,2000.00,1.66,-0.00,2013.33,2000.00,1.89,-0.00
00:48:55.620 [TUNER] 719,1000,2031.60,2000.00,1.66,-0.00,2013.33,2000.00,1.89,-0.00
00:48:55.663 [TUNER] 720,1000,2056.52,2000.00,1.30,-0.00,1990.35,2000.00,2.20,-0.00
00:48:55.663 [TUNER] 721,1000,2056.52,2000.00,1.30,-0.00,1990.35,2000.00,2.20,-0.00
00:48:55.703 [TUNER] 722,1000,2091.91,2000.00,0.78,-0.00,1980.56,2000.00,2.35,-0.00
00:48:55.703 [TUNER] 723,1000,2091.91,2000.00,0.78,-0.00,1980.56,2000.00,2.35,-0.00
00:48:55.747 [TUNER] 724,1000,2029.16,2000.00,1.53,-0.00,1969.30,2000.00,2.53,-0.00
00:48:55.748 [TUNER] 725,1000,2029.16,2000.00,1.53,-0.00,1969.30,2000.00,2.53,-0.00
00:48:55.788 [TUNER] 726,1002,1944.29,2000.00,2.63,-0.00,1983.93,2000.00,2.35,-0.00
00:48:55.788 [TUNER] 727,998,1944.29,2000.00,2.63,-0.00,1983.93,2000.00,2.35,-0.00
00:48:55.831 [TUNER] 728,1000,1923.46,2000.00,2.95,-0.00,1956.89,2000.00,2.75,-0.00
00:48:55.832 [TUNER] 729,1000,1923.46,2000.00,2.95,-0.00,1956.89,2000.00,2.75,-0.00
00:48:55.874 [TUNER] 730,1000,1947.67,2000.00,2.70,-0.00,1993.31,2000.00,2.27,0.00
00:48:55.875 [TUNER] 731,1000,1947.67,2000.00,2.70,-0.00,1993.31,2000.00,2.27,0.00
00:48:55.917 [TUNER] 732,1000,2030.60,2000.00,1.65,-0.00,1976.06,2000.00,2.53,0.00
00:48:55.918 [TUNER] 733,1000,2030.60,2000.00,1.65,-0.00,1976.06,2000.00,2.53,0.00
00:48:55.960 [TUNER] 734,1000,2086.64,2000.00,0.88,-0.00,2013.80,2000.00,2.01,0.00
00:48:55.960 [TUNER] 735,1000,2086.64,2000.00,0.88,-0.00,2013.80,2000.00,2.01,0.00
00:48:56.002 [TUNER] 736,1000,2071.34,2000.00,1.00,-0.00,2011.35,2000.00,2.03,-0.00
00:48:56.002 [TUNER] 737,1000,2071.34,2000.00,1.00,-0.00,2011.35,2000.00,2.03,-0.00
00:48:56.046 [TUNER] 738,1000,2060.81,2000.00,1.08,-0.00,2019.69,2000.00,1.90,-0.00
00:48:56.046 [TUNER] 739,1000,2060.81,2000.00,1.08,-0.00,2019.69,2000.00,1.90,-0.00
00:48:56.086 [TUNER] 740,1000,2028.34,2000.00,1.46,-0.00,1998.88,2000.00,2.18,-0.00
00:48:56.086 [TUNER] 741,1000,2028.34,2000.00,1.46,-0.00,1998.88,2000.00,2.18,-0.00
00:48:56.129 [TUNER] 742,1000,1918.18,2000.00,2.89,-0.00,1999.41,2000.00,2.17,-0.00
00:48:56.130 [TUNER] 743,1000,1918.18,2000.00,2.89,-0.00,1999.41,2000.00,2.17,-0.00
00:48:56.172 [TUNER] 744,1000,1972.65,2000.00,2.24,-0.00,1996.40,2000.00,2.22,-0.00
00:48:56.173 [TUNER] 745,1000,1972.65,2000.00,2.24,-0.00,1996.40,2000.00,2.22,-0.00
00:48:56.173 [TUNER] 746,1000,2005.92,2000.00,1.83,-0.00,1969.94,2000.00,2.60,0.00
00:48:56.214 [TUNER] 747,1000,2005.92,2000.00,1.83,-0.00,1969.94,2000.00,2.60,0.00
00:48:56.214 [TUNER] 748,1000,2008.48,2000.00,1.79,-0.00,1988.29,2000.00,2.37,0.00
00:48:56.259 [TUNER] 749,1000,2008.48,2000.00,1.79,-0.00,1988.29,2000.00,2.37,0.00
00:48:56.259 [TUNER] 750,1000,1981.13,2000.00,2.14,-0.00,1980.43,2000.00,2.49,0.00
00:48:56.299 [TUNER] 751,1000,1981.13,1992.00,2.14,-0.00,1980.43,1992.00,2.49,0.00
00:48:56.300 [TUNER] 752,1000,1969.94,1984.00,2.08,-0.00,2020.95,1984.00,1.68,0.00
00:48:56.343 [TUNER] 753,1000,1969.94,1976.00,2.08,-0.00,2020.95,1976.00,1.68,0.00
00:48:56.344 [TUNER] 754,1000,1948.77,1968.00,2.14,-0.00,2006.76,1968.00,1.61,-0.00
00:48:56.387 [TUNER] 755,1000,1948.77,1960.00,2.14,-0.00,2006.76,1960.00,1.61,-0.00
00:48:56.388 [TUNER] 756,1000,1947.30,1952.00,1.95,-0.00,2045.23,1952.00,0.77,-0.00
00:48:56.429 [TUNER] 757,1000,1947.30,1944.00,1.95,-0.00,2045.23,1944.00,0.77,-0.00
00:48:56.430 [TUNER] 758,1000,1965.02,1936.00,1.49,-0.00,2021.03,1936.00,0.79,-0.00
00:48:56.470 [TUNER] 759,1000,1965.02,1928.00,1.49,-0.00,2021.03,1928.00,0.79,-0.00
00:48:56.471 [TUNER] 760,1000,1934.53,1920.00,1.64,-0.00,2006.82,1920.00,0.66,-0.00
00:48:56.513 [TUNER] 761,1000,1934.53,1912.00,1.64,-0.00,2006.82,1912.00,0.66,-0.00
00:48:56.513 [TUNER] 762,1000,1947.93,1904.00,1.22,-0.00,1945.63,1904.00,1.21,-0.00
00:48:56.554 [TUNER] 763,1000,1947.93,1896.00,1.22,-0.00,1945.63,1896.00,1.21,-0.00
00:48:56.599 [TUNER] 764,1000,1920.85,1888.00,1.32,-0.00,1910.43,1888.00,1.43,-0.00
00:48:56.599 [TUNER] 765,1000,1920.85,1880.00,1.32,-0.00,1910.43,1880.00,1.43,-0.00
00:48:56.599 [TUNER] 766,1000,1931.84,1872.00,0.91,-0.00,1914.91,1872.00,1.10,-0.00
00:48:56.639 [TUNER] 767,1000,1931.84,1864.00,0.91,-0.00,1914.91,1864.00,1.10,-0.00
00:48:56.640 [TUNER] 768,1000,1916.57,1856.00,0.83,-0.00,1882.41,1856.00,1.28,-0.00
00:48:56.684 [TUNER] 769,1000,1916.57,1848.00,0.83,-0.00,1882.41,1848.00,1.28,-0.00
00:48:56.685 [TUNER] 770,1000,1888.89,1840.00,0.92,-0.00,1885.62,1840.00,0.96,-0.00
00:48:56.726 [TUNER] 771,1000,1888.89,1832.00,0.92,-0.00,1885.62,1832.00,0.96,-0.00
00:48:56.726 [TUNER] 772,1002,1869.29,1824.00,0.91,-0.00,1854.68,1824.00,1.12,-0.00
00:48:56.768 [TUNER] 773,998,1869.29,1816.00,0.91,-0.00,1854.68,1816.00,1.12,-0.00
00:48:56.768 [TUNER] 774,1000,1824.41,1808.00,1.23,-0.00,1838.55,1808.00,1.08,-0.00
00:48:56.809 [TUNER] 775,1000,1824.41,1800.00,1.23,-0.00,1838.55,1800.00,1.08,-0.00
00:48:56.811 [TUNER] 776,1000,1811.73,1792.00,1.16,-0.00,1828.19,1792.00,0.95,-0.00
00:48:56.813 [TUNER] 777,1000,1811.73,1784.00,1.16,-0.00,1828.19,1784.00,0.95,-0.00
00:48:56.852 [TUNER] 778,1000,1762.07,1776.00,1.57,-0.00,1770.09,1776.00,1.50,-0.00
00:48:56.852 [TUNER] 779,1000,1762.07,1768.00,1.57,-0.00,1770.09,1768.00,1.50,-0.00
00:48:56.896 [TUNER] 780,1000,1732.65,1760.00,1.74,-0.00,1764.84,1760.00,1.34,-0.00
00:48:56.899 [TUNER] 781,1000,1732.65,1752.00,1.74,-0.00,1764.84,1752.00,1.34,-0.00
00:48:56.940 [TUNER] 782,1000,1748.63,1744.00,1.33,-0.00,1760.64,1744.00,1.15,-0.00
00:48:56.940 [TUNER] 783,1000,1748.63,1736.00,1.33,-0.00,1760.64,1736.00,1.15,-0.00
00:48:56.979 [TUNER] 784,1000,1751.11,1728.00,1.06,-0.00,1748.68,1728.00,1.06,-0.00
00:48:56.981 [TUNER] 785,1000,1751.11,1720.00,1.06,-0.00,1748.68,1720.00,1.06,-0.00
00:48:57.024 [TUNER] 786,1000,1782.29,1712.00,0.40,-0.00,1759.74,1712.00,0.64,-0.00
00:48:57.025 [TUNER] 787,1000,1782.29,1704.00,0.40,-0.00,1759.74,1704.00,0.64,-0.00
00:48:57.066 [TUNER] 788,1000,1738.52,1696.00,0.69,-0.00,1725.63,1696.00,0.83,-0.00
00:48:57.067 [TUNER] 789,1000,1738.52,1688.00,0.69,-0.00,1725.63,1688.00,0.83,-0.00
00:48:57.108 [TUNER] 790,1000,1693.20,1680.00,1.03,-0.00,1715.53,1680.00,0.71,-0.00
00:48:57.109 [TUNER] 791,1000,1693.20,1672.00,1.03,-0.00,1715.53,1672.00,0.71,-0.00
00:48:57.153 [TUNER] 792,1000,1715.35,1664.00,0.49,-0.00,1714.32,1664.00,0.44,-0.00
00:48:57.153 [TUNER] 793,1000,1715.35,1656.00,0.49,-0.00,1714.32,1656.00,0.44,-0.00
00:48:57.192 [TUNER] 794,1000,1715.89,1648.00,0.21,-0.00,1673.83,1648.00,0.73,-0.00
00:48:57.193 [TUNER] 795,1000,1715.89,1640.00,0.21,-0.00,1673.83,1640.00,0.73,-0.00
00:48:57.194 [TUNER] 796,1000,1695.71,1632.00,0.19,-0.00,1675.80,1632.00,0.43,-0.00
00:48:57.234 [TUNER] 797,1000,1695.71,1624.00,0.19,-0.00,1675.80,1624.00,0.43,-0.00
00:48:57.235 [TUNER] 798,1000,1634.89,1616.00,0.71,-0.00,1641.30,1616.00,0.64,-0.00
00:48:57.279 [TUNER] 799,1000,1634.89,1608.00,0.71,-0.00,1641.30,1608.00,0.64,-0.00
00:48:57.281 [TUNER] 800,1000,1507.21,1600.00,2.16,-0.00,1584.50,1600.00,1.19,-0.00
00:48:57.321 [TUNER] 801,1000,1507.21,1592.00,2.16,-0.00,1584.50,1592.00,1.19,-0.00
00:48:57.321 [TUNER] 802,1000,1413.65,1584.00,3.25,-0.00,1518.43,1584.00,1.90,-0.00
00:48:57.363 [TUNER] 803,1000,1413.65,1576.00,3.25,-0.00,1518.43,1576.00,1.90,-0.00
00:48:57.364 [TUNER] 804,1000,1416.12,1568.00,3.14,-0.00,1481.05,1568.00,2.26,-0.00
00:48:57.408 [TUNER] 805,1000,1416.12,1560.00,3.14,-0.00,1481.05,1560.00,2.26,-0.00
00:48:57.408 [TUNER] 806,1000,1486.82,1552.00,2.11,-0.00,1439.11,1552.00,2.70,-0.00
00:48:57.447 [TUNER] 807,1000,1486.82,1544.00,2.11,-0.00,1439.11,1544.00,2.70,-0.00
00:48:57.449 [TUNER] 808,1000,1606.94,1536.00,0.35,-0.00,1474.28,1536.00,2.05,-0.00
00:48:57.491 [TUNER] 809,1000,1606.94,1528.00,0.35,-0.00,1474.28,1528.00,2.05,-0.00
00:48:57.491 [TUNER] 810,1000,1692.73,1520.00,-1.07,-0.00,1517.88,1520.00,1.24,-0.00
00:48:57.532 [TUNER] 811,1002,1686.82,1512.00,-1.19,-0.00,1574.38,1512.00,0.34,-0.00
00:48:57.535 [TUNER] 812,998,1686.82,1504.00,-1.19,-0.00,1574.38,1504.00,0.34,-0.00
00:48:57.535 [TUNER] 813,1000,1624.62,1496.00,-0.75,-0.00,1586.26,1496.00,-0.13,-0.00
00:48:57.575 [TUNER] 814,1000,1624.62,1488.00,-0.75,-0.00,1586.26,1488.00,-0.13,-0.00
00:48:57.575 [TUNER] 815,1000,1569.43,1480.00,-0.36,-0.00,1567.95,1480.00,-0.20,-0.00
00:48:57.618 [TUNER] 816,1000,1569.43,1472.00,-0.36,-0.00,1567.95,1472.00,-0.20,-0.00
00:48:57.618 [TUNER] 817,1000,1502.95,1464.00,0.22,-0.00,1546.43,1464.00,-0.22,-0.00
00:48:57.663 [TUNER] 818,1000,1502.95,1456.00,0.22,-0.00,1546.43,1456.00,-0.22,-0.00
00:48:57.663 [TUNER] 819,1000,1478.97,1448.00,0.27,-0.00,1556.70,1448.00,-0.69,-0.00
00:48:57.704 [TUNER] 820,1000,1478.97,1440.00,0.27,-0.00,1556.70,1440.00,-0.69,-0.00
00:48:57.705 [TUNER] 821,1000,1488.99,1432.00,-0.12,-0.00,1528.84,1432.00,-0.64,-0.00
00:48:57.746 [TUNER] 822,1000,1488.99,1424.00,-0.12,-0.00,1528.84,1424.00,-0.64,-0.00
00:48:57.746 [TUNER] 823,1000,1467.80,1416.00,-0.12,-0.00,1477.35,1416.00,-0.24,-0.00
00:48:57.787 [TUNER] 824,1000,1467.80,1408.00,-0.12,-0.00,1477.35,1408.00,-0.24,-0.00
00:48:57.788 [TUNER] 825,1000,1426.79,1400.00,0.15,-0.00,1441.30,1400.00,-0.03,-0.00
00:48:57.831 [TUNER] 826,1000,1426.79,1392.00,0.15,-0.00,1441.30,1392.00,-0.03,-0.00
00:48:57.832 [TUNER] 827,1000,1352.76,1384.00,0.88,-0.00,1391.85,1384.00,0.39,-0.00
00:48:57.873 [TUNER] 828,1000,1352.76,1376.00,0.88,-0.00,1391.85,1376.00,0.39,-0.00
00:48:57.873 [TUNER] 829,1000,1274.63,1368.00,1.72,-0.00,1305.91,1368.00,1.37,-0.00
00:48:57.916 [TUNER] 830,1000,1274.63,1360.00,1.72,-0.00,1305.91,1360.00,1.37,-0.00
00:48:57.916 [TUNER] 831,1000,1198.38,1352.00,2.58,-0.00,1221.68,1352.00,2.40,-0.00
00:48:57.916 [TUNER] 832,1000,1198.38,1344.00,2.58,-0.00,1221.68,1344.00,2.40,-0.00
00:48:57.958 [TUNER] 833,1000,1130.51,1336.00,3.39,-0.00,1193.82,1336.00,2.67,-0.00
00:48:57.958 [TUNER] 834,1000,1130.51,1328.00,3.39,-0.00,1193.82,1328.00,2.67,-0.00
00:48:58.002 [TUNER] 835,1000,1213.66,1320.00,2.24,-0.00,1221.36,1320.00,2.17,-0.00
00:48:58.003 [TUNER] 836,1000,1213.66,1312.00,2.24,-0.00,1221.36,1312.00,2.17,-0.00
00:48:58.042 [TUNER] 837,1000,1316.26,1304.00,0.75,-0.00,1238.23,1304.00,1.78,-0.00
00:48:58.046 [TUNER] 838,1000,1316.26,1296.00,0.75,-0.00,1238.23,1296.00,1.78,-0.00
00:48:58.086 [TUNER] 839,1000,1400.05,1288.00,-0.60,-0.00,1294.68,1288.00,0.79,-0.00
00:48:58.086 [TUNER] 840,1000,1400.05,1280.00,-0.60,-0.00,1294.68,1280.00,0.79,-0.00
00:48:58.131 [TUNER] 841,1000,1460.22,1272.00,-1.72,-0.00,1393.10,1272.00,-0.87,-0.00
00:48:58.131 [TUNER] 842,1000,1432.23,1264.00,-1.56,-0.00,1368.25,1264.00,-0.71,-0.00
00:48:58.169 [TUNER] 843,1002,1432.23,1256.00,-1.56,-0.00,1368.25,1256.00,-0.71,-0.00
00:48:58.170 [TUNER] 844,998,1369.35,1248.00,-1.10,-0.00,1342.24,1248.00,-0.68,-0.00
00:48:58.215 [TUNER] 845,1000,1369.35,1240.00,-1.10,-0.00,1342.24,1240.00,-0.68,-0.00
00:48:58.215 [TUNER] 846,1000,1299.93,1232.00,-0.52,-0.00,1340.09,1232.00,-0.98,-0.00
00:48:58.255 [TUNER] 847,1000,1299.93,1224.00,-0.52,-0.00,1340.09,1224.00,-0.98,-0.00
00:48:58.255 [TUNER] 848,1000,1314.83,1216.00,-1.01,-0.00,1341.81,1216.00,-1.36,-0.00
00:48:58.256 [TUNER] 849,1000,1314.83,1208.00,-1.01,-0.00,1341.81,1208.00,-1.36,-0.00
00:48:58.298 [TUNER] 850,1000,1331.91,1200.00,-1.55,-0.00,1307.10,1200.00,-1.22,-0.00
00:48:58.342 [TUNER] 851,1000,1331.91,1192.00,-1.55,-0.00,1307.10,1192.00,-1.22,-0.00
00:48:58.342 [TUNER] 852,1000,1283.72,1184.00,-1.26,-0.00,1275.90,1184.00,-1.12,-0.00
00:48:58.343 [TUNER] 853,1000,1283.72,1176.00,-1.26,-0.00,1275.90,1176.00,-1.12,-0.00
00:48:58.383 [TUNER] 854,1001,1214.06,1168.00,-0.65,-0.00,1224.97,1168.00,-0.73,-0.00
00:48:58.384 [TUNER] 855,999,1214.06,1160.00,-0.65,-0.00,1224.97,1160.00,-0.73,-0.00
00:48:58.470 [TUNER] 856,1000,1086.47,1152.00,0.77,-0.00,1134.75,1152.00,0.27,-0.00
00:48:58.470 [TUNER] 857,1000,1086.47,1144.00,0.77,-0.00,1134.75,1144.00,0.27,-0.00
00:48:58.470 [TUNER] 858,1000,965.39,1136.00,2.20,-0.00,1041.81,1136.00,1.37,-0.00
00:48:58.471 [TUNER] 859,1000,965.39,1128.00,2.20,-0.00,1041.81,1128.00,1.37,-0.00
00:48:58.509 [TUNER] 860,1000,858.21,1120.00,3.55,-0.00,972.61,1120.00,2.21,-0.00
00:48:58.511 [TUNER] 861,1000,858.21,1112.00,3.55,-0.00,972.61,1112.00,2.21,-0.00
00:48:58.551 [TUNER] 862,1000,822.30,1104.00,4.03,-0.00,948.18,1104.00,2.45,-0.00
00:48:58.551 [TUNER] 863,1000,822.30,1096.00,4.03,-0.00,948.18,1096.00,2.45,-0.00
00:48:58.598 [TUNER] 864,1000,900.08,1088.00,3.02,-0.00,966.43,1088.00,2.09,-0.00
00:48:58.600 [TUNER] 865,1000,900.08,1080.00,3.02,-0.00,966.43,1080.00,2.09,-0.00
00:48:58.637 [TUNER] 866,1000,1053.37,1072.00,0.93,-0.00,1027.41,1072.00,1.09,-0.00
00:48:58.638 [TUNER] 867,1000,1053.37,1064.00,0.93,-0.00,1027.41,1064.00,1.09,-0.00
00:48:58.681 [TUNER] 868,1000,1188.03,1056.00,-1.06,-0.00,1065.90,1056.00,0.34,-0.00
00:48:58.682 [TUNER] 869,1000,1188.03,1048.00,-1.06,-0.00,1065.90,1048.00,0.34,-0.00
00:48:58.684 [TUNER] 870,1000,1251.08,1040.00,-2.25,-0.00,1101.84,1040.00,-0.43,-0.00
00:48:58.725 [TUNER] 871,1000,1251.08,1032.00,-2.25,-0.00,1101.84,1032.00,-0.43,-0.00
00:48:58.726 [TUNER] 872,1000,1208.75,1024.00,-2.10,-0.00,1108.25,1024.00,-0.83,-0.00
00:48:58.763 [TUNER] 873,1000,1208.75,1016.00,-2.10,-0.00,1108.25,1016.00,-0.83,-0.00
00:48:58.763 [TUNER] 874,1000,1162.86,1008.00,-1.89,-0.00,1113.39,1008.00,-1.23,-0.00
00:48:58.808 [TUNER] 875,1000,1162.86,1000.00,-1.89,-0.00,1113.39,1000.00,-1.23,-0.00
00:48:58.808 [TUNER] 876,1000,1095.22,992.00,-1.36,-0.00,1102.03,992.00,-1.41,-0.00
00:48:58.851 [TUNER] 877,1000,1095.22,984.00,-1.36,-0.00,1102.03,984.00,-1.41,-0.00
00:48:58.851 [TUNER] 878,1000,1035.96,976.00,-0.89,-0.00,1077.48,976.00,-1.41,-0.00
00:48:58.894 [TUNER] 879,1000,1035.96,968.00,-0.89,-0.00,1077.48,968.00,-1.41,-0.00
00:48:58.898 [TUNER] 880,1000,1022.91,960.00,-1.00,-0.00,1068.15,960.00,-1.62,-0.00
00:48:58.934 [TUNER] 881,1000,1022.91,952.00,-1.00,-0.00,1068.15,952.00,-1.62,-0.00
00:48:58.935 [TUNER] 882,1000,1045.11,944.00,-1.58,-0.00,1019.46,944.00,-1.27,-0.00
00:48:58.980 [TUNER] 883,1000,1045.11,936.00,-1.58,-0.00,1019.46,936.00,-1.27,-0.00
00:48:58.981 [TUNER] 884,1000,966.66,928.00,-0.86,-0.00,920.37,928.00,-0.16,-0.00
00:48:59.024 [TUNER] 885,1000,966.66,920.00,-0.86,-0.00,920.37,920.00,-0.16,-0.00
00:48:59.025 [TUNER] 886,1000,831.74,912.00,0.67,-0.00,794.71,912.00,1.40,-0.00
00:48:59.025 [TUNER] 887,1000,831.74,904.00,0.67,-0.00,794.71,904.00,1.40,-0.00
00:48:59.063 [TUNER] 888,1000,679.14,896.00,2.53,-0.00,685.59,896.00,2.83,-0.00
00:48:59.064 [TUNER] 889,1000,679.14,888.00,2.53,-0.00,685.59,888.00,2.83,-0.00
00:48:59.107 [TUNER] 890,1000,575.95,880.00,3.86,-0.00,658.43,880.00,3.18,-0.00
00:48:59.107 [TUNER] 891,1000,575.95,872.00,3.86,-0.00,658.43,872.00,3.18,-0.00
00:48:59.150 [TUNER] 892,1000,591.33,864.00,3.70,-0.00,684.80,864.00,2.76,-0.00
00:48:59.193 [TUNER] 893,1000,591.33,856.00,3.70,-0.00,684.80,856.00,2.76,-0.00
00:48:59.193 [TUNER] 894,1000,684.39,848.00,2.49,-0.00,771.19,848.00,1.45,-0.00
00:48:59.194 [TUNER] 895,1000,684.39,840.00,2.49,-0.00,771.19,840.00,1.45,-0.00
00:48:59.233 [TUNER] 896,1000,858.48,832.00,0.10,-0.00,891.84,832.00,-0.45,-0.00
00:48:59.234 [TUNER] 897,1000,858.48,824.00,0.10,-0.00,891.84,824.00,-0.45,-0.00
00:48:59.276 [TUNER] 898,1000,1002.91,816.00,-2.07,-0.00,948.85,816.00,-1.57,-0.00
00:48:59.276 [TUNER] 899,1000,1002.91,808.00,-2.07,-0.00,948.85,808.00,-1.57,-0.00
00:48:59.318 [TUNER] 900,1000,1048.01,800.00,-3.06,-0.00,948.06,800.00,-1.93,-0.00
00:48:59.319 [TUNER] 901,1000,1048.01,792.00,-3.06,-0.00,948.06,792.00,-1.93,-0.00
00:48:59.363 [TUNER] 902,1000,960.39,784.00,-2.35,-0.00,940.57,784.00,-2.21,-0.00
00:48:59.363 [TUNER] 903,1000,960.39,776.00,-2.35,-0.00,940.57,776.00,-2.21,-0.00
00:48:59.402 [TUNER] 904,1000,881.70,768.00,-1.69,-0.00,946.59,768.00,-2.69,-0.00
00:48:59.403 [TUNER] 905,1000,881.70,760.00,-1.69,-0.00,946.59,760.00,-2.69,-0.00
00:48:59.446 [TUNER] 906,1000,872.01,752.00,-1.89,-0.00,934.23,752.00,-2.93,-0.00
00:48:59.448 [TUNER] 907,1000,872.01,744.00,-1.89,-0.00,934.23,744.00,-2.93,-0.00
00:48:59.448 [TUNER] 908,1000,847.08,736.00,-1.89,-0.00,877.96,736.00,-2.54,-0.00
00:48:59.488 [TUNER] 909,1000,847.08,728.00,-1.89,-0.00,877.96,728.00,-2.54,-0.00
00:48:59.489 [TUNER] 910,1000,808.24,720.00,-1.71,-0.00,793.43,720.00,-1.71,-0.00
00:48:59.529 [TUNER] 911,1000,808.24,712.00,-1.71,-0.00,793.43,712.00,-1.71,-0.00
00:48:59.531 [TUNER] 912,1000,717.03,704.00,-0.81,-0.00,653.64,704.00,-0.02,-0.00
00:48:59.572 [TUNER] 913,1000,717.03,696.00,-0.81,-0.00,653.64,696.00,-0.02,-0.00
00:48:59.573 [TUNER] 914,1000,595.96,688.00,0.56,-0.00,526.35,688.00,1.61,-0.00
00:48:59.615 [TUNER] 915,1000,595.96,680.00,0.56,-0.00,526.35,680.00,1.61,-0.00
00:48:59.616 [TUNER] 916,1000,476.77,672.00,1.99,-0.00,445.13,672.00,2.68,-0.00
00:48:59.662 [TUNER] 917,1000,476.77,664.00,1.99,-0.00,445.13,664.00,2.68,-0.00
00:48:59.662 [TUNER] 918,1000,381.41,656.00,3.20,-0.00,428.26,656.00,2.89,-0.00
00:48:59.701 [TUNER] 919,1000,381.41,648.00,3.20,-0.00,428.26,648.00,2.89,-0.00
00:48:59.701 [TUNER] 920,1000,373.85,640.00,3.32,-0.00,486.93,640.00,2.03,-0.00
00:48:59.743 [TUNER] 921,1000,373.85,632.00,3.32,-0.00,486.93,632.00,2.03,-0.00
00:48:59.743 [TUNER] 922,1000,455.43,624.00,2.24,-0.00,619.76,624.00,0.02,-0.00
00:48:59.784 [TUNER] 923,1000,455.43,616.00,2.24,-0.00,619.76,616.00,0.02,-0.00
00:48:59.784 [TUNER] 924,1000,596.28,608.00,0.30,-0.00,689.95,608.00,-1.22,-0.00
00:48:59.829 [TUNER] 925,1000,596.28,600.00,0.30,-0.00,689.95,600.00,-1.22,-0.00
00:48:59.871 [TUNER] 926,1000,733.01,592.00,-1.73,-0.00,694.56,592.00,-1.61,-0.00
00:48:59.872 [TUNER] 927,1000,733.01,584.00,-1.73,-0.00,694.56,584.00,-1.61,-0.00
00:48:59.872 [TUNER] 928,1000,818.35,576.00,-3.21,-0.00,658.73,576.00,-1.44,-0.00
00:48:59.873 [TUNER] 929,1000,818.35,568.00,-3.21,-0.00,658.73,568.00,-1.44,-0.00
00:48:59.911 [TUNER] 930,1000,762.92,560.00,-2.92,-0.00,599.14,560.00,-0.91,-0.00
00:48:59.913 [TUNER] 931,1000,762.92,552.00,-2.92,-0.00,599.14,552.00,-0.91,-0.00
00:48:59.956 [TUNER] 932,1000,679.06,544.00,-2.22,-0.00,568.65,544.00,-0.76,-0.00
00:48:59.956 [TUNER] 933,1000,679.06,536.00,-2.22,-0.00,568.65,536.00,-0.76,-0.00
00:48:59.999 [TUNER] 934,1000,567.30,528.00,-1.09,-0.00,643.91,528.00,-2.11,-0.00
00:48:59.999 [TUNER] 935,1000,567.30,520.00,-1.09,-0.00,643.91,520.00,-2.11,-0.00
00:49:00.041 [TUNER] 936,1000,481.33,512.00,-0.21,-0.00,673.19,512.00,-2.88,-0.00
00:49:00.041 [TUNER] 937,1000,481.33,504.00,-0.21,-0.00,673.19,504.00,-2.88,-0.00
00:49:00.086 [TUNER] 938,1000,482.99,496.00,-0.43,-0.00,622.74,496.00,-2.56,-0.00
00:49:00.087 [TUNER] 939,1000,482.99,488.00,-0.43,-0.00,622.74,488.00,-2.56,-0.00
00:49:00.126 [TUNER] 940,1000,522.12,480.00,-1.17,-0.00,522.24,480.00,-1.48,-0.00
00:49:00.127 [TUNER] 941,1000,522.12,472.00,-1.17,-0.00,522.24,472.00,-1.48,-0.00
00:49:00.172 [TUNER] 942,1002,532.58,464.00,-1.57,-0.00,400.65,464.00,-0.03,-0.00
00:49:00.173 [TUNER] 943,998,532.58,456.00,-1.57,-0.00,400.65,456.00,-0.03,-0.00
00:49:00.210 [TUNER] 944,1000,506.97,448.00,-1.52,-0.00,284.37,448.00,1.45,-0.00
00:49:00.210 [TUNER] 945,1000,506.97,440.00,-1.52,-0.00,284.37,440.00,1.45,-0.00
00:49:00.212 [TUNER] 946,1000,422.76,432.00,-0.69,-0.00,203.44,432.00,2.53,-0.00
00:49:00.253 [TUNER] 947,1000,422.76,424.00,-0.69,-0.00,203.44,424.00,2.53,-0.00
00:49:00.254 [TUNER] 948,1000,331.33,416.00,0.30,-0.00,210.86,416.00,2.39,-0.00
00:49:00.295 [TUNER] 949,1000,331.33,408.00,0.30,-0.00,210.86,408.00,2.39,-0.00
00:49:00.338 [TUNER] 950,1000,244.45,400.00,1.30,-0.00,311.29,400.00,0.91,-0.00
00:49:00.338 [TUNER] 951,1000,244.45,392.00,1.30,-0.00,311.29,392.00,0.91,-0.00
00:49:00.339 [TUNER] 952,1000,188.69,384.00,1.95,-0.00,450.04,384.00,-1.24,-0.00
00:49:00.381 [TUNER] 953,1000,188.69,376.00,1.95,-0.00,450.04,376.00,-1.24,-0.00
00:49:00.382 [TUNER] 954,1000,224.83,368.00,1.42,-0.00,542.15,368.00,-2.87,-0.00
00:49:00.422 [TUNER] 955,1000,224.83,360.00,1.42,-0.00,542.15,360.00,-2.87,-0.00
00:49:00.423 [TUNER] 956,1000,317.31,352.00,0.09,-0.00,486.98,352.00,-2.49,-0.00
00:49:00.469 [TUNER] 957,1000,317.31,344.00,0.09,-0.00,486.98,344.00,-2.49,-0.00
00:49:00.470 [TUNER] 958,1000,425.65,336.00,-1.54,-0.00,387.86,336.00,-1.45,-0.00
00:49:00.507 [TUNER] 959,1000,425.65,328.00,-1.54,-0.00,387.86,328.00,-1.45,-0.00
00:49:00.508 [TUNER] 960,1000,524.35,320.00,-3.15,-0.00,289.67,320.00,-0.33,-0.00
00:49:00.551 [TUNER] 961,1000,524.35,312.00,-3.15,-0.00,289.67,312.00,-0.33,-0.00
00:49:00.552 [TUNER] 962,1000,519.13,304.00,-3.49,-0.00,226.59,304.00,0.35,-0.00
00:49:00.592 [TUNER] 963,1000,519.13,296.00,-3.49,-0.00,226.59,296.00,0.35,-0.00
00:49:00.592 [TUNER] 964,1000,475.44,288.00,-3.34,-0.00,296.38,288.00,-0.82,-0.00
00:49:00.635 [TUNER] 965,1000,475.44,280.00,-3.34,-0.00,296.38,280.00,-0.82,-0.00
00:49:00.636 [TUNER] 966,1000,421.58,272.00,-3.02,-0.00,369.39,272.00,-2.12,-0.00
00:49:00.638 [TUNER] 967,1000,421.58,264.00,-3.02,-0.00,369.39,264.00,-2.12,-0.00
00:49:00.680 [TUNER] 968,1000,347.57,256.00,-2.40,-0.00,360.80,256.00,-2.33,-0.00
00:49:00.720 [TUNER] 969,1000,347.57,248.00,-2.40,-0.00,360.80,248.00,-2.33,-0.00
00:49:00.720 [TUNER] 970,1000,266.03,240.00,-1.63,-0.00,293.79,240.00,-1.72,-0.00
00:49:00.721 [TUNER] 971,1000,266.03,232.00,-1.63,-0.00,293.79,232.00,-1.72,-0.00
00:49:00.764 [TUNER] 972,1000,169.87,224.00,-0.61,-0.00,229.88,224.00,-1.10,-0.00
00:49:00.766 [TUNER] 973,1000,169.87,216.00,-0.61,-0.00,229.88,216.00,-1.10,-0.00
00:49:00.803 [TUNER] 974,1000,80.92,208.00,0.39,-0.00,152.98,208.00,-0.24,-0.00
00:49:00.804 [TUNER] 975,1000,80.92,200.00,0.39,-0.00,152.98,200.00,-0.24,-0.00
00:49:00.847 [TUNER] 976,1000,4.61,192.00,1.29,-0.00,79.43,192.00,0.62,-0.00
00:49:00.847 [TUNER] 977,1000,4.61,184.00,1.29,-0.00,79.43,184.00,0.62,-0.00
00:49:00.890 [TUNER] 978,1000,-44.42,176.00,1.88,-0.00,46.37,176.00,0.95,-0.00
00:49:00.890 [TUNER] 979,1000,-44.42,168.00,1.88,-0.00,46.37,168.00,0.95,-0.00
00:49:00.932 [TUNER] 980,1000,-11.48,160.00,1.41,-0.00,61.15,160.00,0.62,-0.00
00:49:00.932 [TUNER] 981,1000,-11.48,152.00,1.41,-0.00,61.15,152.00,0.62,-0.00
00:49:00.976 [TUNER] 982,1000,87.02,144.00,0.03,-0.00,100.46,144.00,-0.09,-0.00
00:49:00.979 [TUNER] 983,1000,87.02,136.00,0.03,-0.00,100.46,136.00,-0.09,-0.00
00:49:01.016 [TUNER] 984,1000,203.63,128.00,-1.69,-0.00,130.19,128.00,-0.72,-0.00
00:49:01.016 [TUNER] 985,1000,203.63,120.00,-1.69,-0.00,130.19,120.00,-0.72,-0.00
00:49:01.060 [TUNER] 986,1000,283.17,112.00,-3.04,-0.00,148.82,112.00,-1.24,-0.00
00:49:01.060 [TUNER] 987,1000,283.17,104.00,-3.04,-0.00,148.82,104.00,-1.24,-0.00
00:49:01.061 [TUNER] 988,1000,271.20,96.00,-3.26,-0.00,139.67,96.00,-1.39,-0.00
00:49:01.103 [TUNER] 989,1000,271.20,88.00,-3.26,-0.00,139.67,88.00,-1.39,-0.00
00:49:01.103 [TUNER] 990,1000,199.78,80.00,-2.70,-0.00,175.31,80.00,-2.18,-0.00
00:49:01.143 [TUNER] 991,1000,199.78,72.00,-2.70,-0.00,175.31,72.00,-2.18,-0.00
00:49:01.144 [TUNER] 992,1000,175.29,64.00,-2.71,-0.00,214.12,64.00,-3.08,-0.00
00:49:01.186 [TUNER] 993,1000,175.29,56.00,-2.71,-0.00,214.12,56.00,-3.08,-0.00
00:49:01.187 [TUNER] 994,1000,196.93,48.00,-3.32,-0.00,222.84,48.00,-3.59,-0.00
00:49:01.229 [TUNER] 995,1000,196.93,40.00,-3.32,-0.00,222.84,40.00,-3.59,-0.00
00:49:01.230 [TUNER] 996,1000,200.49,32.00,-3.73,-0.00,190.30,32.00,-3.54,-0.00
00:49:01.273 [TUNER] 997,1000,200.49,24.00,-3.73,-0.00,190.30,24.00,-3.54,-0.00
00:49:01.275 [TUNER] 998,1000,155.24,16.00,-3.51,-0.00,138.49,16.00,-3.19,-0.00
00:49:01.316 [TUNER] 999,1000,155.24,8.00,-3.51,-0.00,138.49,8.00,-3.19,-0.00
00:49:01.318 [TUNER] --- CSV END ---