04:12:00.810 [TUNER] --- CSV START ---
04:12:00.810 [TUNER] Metadata,PID_0(P:12.35200 I:445.32941 D:0.00000),PID_1(P:13.37410 I:478.63708 D:0.00000)
04:12:00.811 [TUNER] Tick,DeltaTime_us,Reading_0,Setpoint_0,Output_0,int_0,Reading_1,Setpoint_1,Output_1,int_1
04:12:00.812 [TUNER] 0,0,0.00,0.00,0.08,0.00,0.00,0.00,0.22,0.00
04:12:00.812 [TUNER] 1,978,0.00,9.01,0.08,0.00,0.00,9.01,0.22,0.00
04:12:00.838 [TUNER] 2,1000,0.00,18.02,0.34,0.00,0.00,18.02,0.49,0.00
04:12:00.838 [TUNER] 3,1000,0.00,27.03,0.34,0.00,0.00,27.03,0.49,0.00
04:12:00.872 [TUNER] 4,1000,0.00,36.04,0.61,0.00,0.00,36.04,0.79,0.00
04:12:00.908 [TUNER] 5,1000,0.00,45.05,0.61,0.00,0.00,45.05,0.79,0.00
04:12:00.908 [TUNER] 6,1000,0.00,54.05,0.90,0.00,0.00,54.05,1.10,0.00
04:12:00.942 [TUNER] 7,1000,0.00,63.06,0.90,0.00,0.00,63.06,1.10,0.00
04:12:00.943 [TUNER] 8,1000,8.59,72.07,1.09,0.00,3.44,72.07,1.38,0.00
04:12:00.977 [TUNER] 9,1000,8.59,81.08,1.09,0.00,3.44,81.08,1.38,0.00
04:12:00.977 [TUNER] 10,1000,14.60,90.09,1.32,0.00,8.25,90.09,1.65,0.00
04:12:01.013 [TUNER] 11,1000,14.60,99.10,1.32,0.00,8.25,99.10,1.65,0.00
04:12:01.048 [TUNER] 12,1000,18.30,108.11,1.60,0.00,15.15,108.11,1.90,0.00
04:12:01.048 [TUNER] 13,1000,18.30,117.12,1.60,0.00,15.15,117.12,1.90,0.00
04:12:01.082 [TUNER] 14,1000,21.62,126.13,1.89,0.00,23.09,126.13,2.16,0.00
04:12:01.082 [TUNER] 15,1000,21.62,135.14,1.89,0.00,23.09,135.14,2.16,0.00
04:12:01.118 [TUNER] 16,1000,30.63,144.14,2.12,0.00,32.80,144.14,2.39,0.00
04:12:01.119 [TUNER] 17,1000,30.63,153.15,2.12,0.00,32.80,153.15,2.39,0.00
04:12:01.153 [TUNER] 18,1000,43.03,162.16,2.32,0.00,44.13,162.16,2.61,0.00
04:12:01.188 [TUNER] 19,1000,43.03,171.17,2.32,0.00,44.13,171.17,2.61,0.00
04:12:01.188 [TUNER] 20,1000,55.90,180.18,2.52,0.00,61.19,180.18,2.77,0.00
04:12:01.223 [TUNER] 21,1064,71.07,189.19,2.52,0.00,85.41,189.19,2.77,0.00
04:12:01.223 [TUNER] 22,938,71.07,198.20,2.66,0.00,85.41,198.20,2.79,0.00
04:12:01.259 [TUNER] 23,998,88.97,207.21,2.63,0.00,119.73,207.21,2.51,0.00
04:12:01.259 [TUNER] 24,1000,88.97,216.22,2.63,0.00,119.73,216.22,2.51,0.00
04:12:01.292 [TUNER] 25,1000,112.71,225.23,2.67,0.00,151.57,225.23,2.41,0.00
04:12:01.327 [TUNER] 26,1000,112.71,234.23,2.67,0.00,151.57,234.23,2.41,0.00
04:12:01.328 [TUNER] 27,1000,137.52,243.24,2.70,0.00,186.23,243.24,2.26,0.00
04:12:01.362 [TUNER] 28,1000,137.52,252.25,2.70,0.00,186.23,252.25,2.26,0.00
04:12:01.362 [TUNER] 29,1000,165.00,261.26,2.69,0.00,214.86,261.26,2.18,0.00
04:12:01.397 [TUNER] 30,1000,165.00,270.27,2.69,0.00,214.86,270.27,2.18,0.00
04:12:01.398 [TUNER] 31,1000,193.17,279.28,2.66,0.00,238.04,279.28,2.17,0.00
04:12:01.432 [TUNER] 32,1000,193.17,288.29,2.66,0.00,238.04,288.29,2.17,0.00
04:12:01.467 [TUNER] 33,1000,221.96,297.30,2.61,0.00,264.06,297.30,2.11,0.00
04:12:01.467 [TUNER] 34,1000,221.96,306.31,2.61,0.00,264.06,306.31,2.11,0.00
04:12:01.504 [TUNER] 35,1000,250.45,315.32,2.56,0.00,282.32,315.32,2.16,0.00
04:12:01.504 [TUNER] 36,1000,250.45,324.32,2.56,0.00,282.32,324.32,2.16,0.00
04:12:01.537 [TUNER] 37,1000,271.79,333.33,2.59,0.00,303.92,333.33,2.16,0.00
04:12:01.537 [TUNER] 38,1000,271.79,342.34,2.59,0.00,303.92,342.34,2.16,0.00
04:12:01.572 [TUNER] 39,1000,291.86,351.35,2.63,0.00,322.49,351.35,2.19,0.00
04:12:01.607 [TUNER] 40,1000,291.86,360.36,2.63,0.00,322.49,360.36,2.19,0.00
04:12:01.607 [TUNER] 41,1000,314.21,369.37,2.65,0.00,338.35,369.37,2.27,0.00
04:12:01.642 [TUNER] 42,1000,314.21,378.38,2.65,0.00,338.35,378.38,2.27,0.00
04:12:01.643 [TUNER] 43,1000,342.92,387.39,2.57,0.00,351.76,387.39,2.38,0.00
04:12:01.677 [TUNER] 44,1000,342.92,396.40,2.57,0.00,351.76,396.40,2.38,0.00
04:12:01.677 [TUNER] 45,1000,373.06,405.41,2.47,0.00,364.69,405.41,2.51,0.00
04:12:01.712 [TUNER] 46,1000,373.06,414.41,2.47,0.00,364.69,414.41,2.51,0.00
04:12:01.751 [TUNER] 47,1000,397.60,423.42,2.43,0.00,383.20,423.42,2.56,0.00
04:12:01.753 [TUNER] 48,1000,397.60,432.43,2.43,0.00,383.20,432.43,2.56,0.00
04:12:01.782 [TUNER] 49,1000,417.97,441.44,2.44,0.00,418.75,441.44,2.36,0.00
04:12:01.782 [TUNER] 50,1000,417.97,450.45,2.44,0.00,418.75,450.45,2.36,0.00
04:12:01.817 [TUNER] 51,1000,438.03,459.46,2.45,0.00,458.49,459.46,2.09,0.00
04:12:01.817 [TUNER] 52,1000,438.03,468.47,2.45,0.00,458.49,468.47,2.09,0.00
04:12:01.852 [TUNER] 53,1000,462.09,477.48,2.41,0.00,464.18,477.48,2.29,0.00
04:12:01.888 [TUNER] 54,1000,462.09,486.49,2.41,0.00,464.18,486.49,2.29,0.00
04:12:01.889 [TUNER] 55,1000,486.32,495.50,2.36,0.00,470.16,495.50,2.49,0.00
04:12:01.921 [TUNER] 56,1000,486.32,504.50,2.36,0.00,470.16,504.50,2.49,0.00
04:12:01.922 [TUNER] 57,1000,511.56,513.51,2.29,0.00,472.97,513.51,2.75,0.00
04:12:01.956 [TUNER] 58,1000,511.56,522.52,2.29,0.00,472.97,522.52,2.75,0.00
04:12:01.957 [TUNER] 59,1000,537.72,531.53,2.20,0.00,485.80,531.53,2.88,0.00
04:12:01.991 [TUNER] 60,1000,537.72,540.54,2.20,0.00,485.80,540.54,2.88,0.00
04:12:02.031 [TUNER] 61,1000,557.82,549.55,2.19,0.00,511.96,549.55,2.82,0.00
04:12:02.032 [TUNER] 62,1000,557.82,558.56,2.19,0.00,511.96,558.56,2.82,0.00
04:12:02.065 [TUNER] 63,1000,580.21,567.57,2.14,0.00,550.96,567.57,2.58,0.00
04:12:02.065 [TUNER] 64,1000,580.21,576.58,2.14,0.00,550.96,576.58,2.58,0.00
04:12:02.096 [TUNER] 65,1000,599.51,585.59,2.13,0.00,587.78,585.59,2.34,0.00
04:12:02.097 [TUNER] 66,1000,599.51,594.59,2.13,0.00,587.78,594.59,2.34,0.00
04:12:02.133 [TUNER] 67,1000,612.57,603.60,2.20,0.00,604.60,603.60,2.37,0.00
04:12:02.167 [TUNER] 68,1000,612.57,612.61,2.20,0.00,604.60,612.61,2.37,0.00
04:12:02.168 [TUNER] 69,1000,634.64,621.62,2.16,0.00,623.17,621.62,2.38,0.00
04:12:02.203 [TUNER] 70,1000,634.64,630.63,2.16,0.00,623.17,630.63,2.38,0.00
04:12:02.203 [TUNER] 71,1000,655.40,639.64,2.13,0.00,634.77,639.64,2.49,0.00
04:12:02.236 [TUNER] 72,1002,666.71,648.65,2.10,0.00,632.77,648.65,2.66,0.00
04:12:02.237 [TUNER] 73,998,666.71,657.66,2.10,0.00,632.77,657.66,2.66,0.00
04:12:02.275 [TUNER] 74,1000,676.69,666.67,2.21,0.00,639.25,666.67,2.85,0.00
04:12:02.307 [TUNER] 75,1000,676.69,675.68,2.21,0.00,639.25,675.68,2.85,0.00
04:12:02.308 [TUNER] 76,1000,687.19,684.68,2.32,0.00,644.91,684.68,3.07,0.00
04:12:02.342 [TUNER] 77,1000,687.19,693.69,2.32,0.00,644.91,693.69,3.07,0.00
04:12:02.342 [TUNER] 78,1000,701.80,702.70,2.38,0.00,655.15,702.70,3.24,0.00
04:12:02.377 [TUNER] 79,1000,701.80,711.71,2.38,0.00,655.15,711.71,3.24,0.00
04:12:02.378 [TUNER] 80,1000,721.82,720.72,2.37,0.00,660.93,720.72,3.48,0.00
04:12:02.412 [TUNER] 81,1000,721.82,729.73,2.37,0.00,660.93,729.73,3.48,0.00
04:12:02.448 [TUNER] 82,1000,737.26,738.74,2.42,0.00,685.90,738.74,3.46,0.00
04:12:02.449 [TUNER] 83,1000,737.26,747.75,2.42,0.00,685.90,747.75,3.46,0.00
04:12:02.482 [TUNER] 84,1000,752.01,756.76,2.49,0.00,731.56,756.76,3.13,0.00
04:12:02.482 [TUNER] 85,1000,752.01,765.77,2.49,0.00,731.56,765.77,3.13,0.00
04:12:02.517 [TUNER] 86,1000,771.30,774.77,2.49,0.00,769.22,774.77,2.89,0.00
04:12:02.518 [TUNER] 87,1000,771.30,783.78,2.49,0.00,769.22,783.78,2.89,0.00
04:12:02.553 [TUNER] 88,1000,792.10,792.79,2.47,0.00,781.64,792.79,2.99,0.00
04:12:02.586 [TUNER] 89,1000,792.10,801.80,2.47,0.00,781.64,801.80,2.99,0.00
04:12:02.587 [TUNER] 90,1000,809.96,810.81,2.50,0.00,795.39,810.81,3.08,0.00
04:12:02.629 [TUNER] 91,1000,809.96,819.82,2.50,0.00,795.39,819.82,3.08,0.00
04:12:02.629 [TUNER] 92,1000,820.02,828.83,2.62,0.00,809.48,828.83,3.17,0.00
04:12:02.657 [TUNER] 93,1000,820.02,837.84,2.62,0.00,809.48,837.84,3.17,0.00
04:12:02.658 [TUNER] 94,1000,831.65,846.85,2.73,0.00,822.17,846.85,3.28,0.00
04:12:02.692 [TUNER] 95,1000,831.65,855.86,2.73,0.00,822.17,855.86,3.28,0.00
04:12:02.728 [TUNER] 96,1000,849.85,864.86,2.76,0.00,840.46,864.86,3.32,0.00
04:12:02.730 [TUNER] 97,1000,849.85,873.87,2.76,0.00,840.46,873.87,3.32,0.00
04:12:02.764 [TUNER] 98,1000,886.85,882.88,2.54,0.00,856.92,882.88,3.38,0.00
04:12:02.765 [TUNER] 99,1000,886.85,891.89,2.54,0.00,856.92,891.89,3.38,0.00
04:12:02.798 [TUNER] 100,1000,916.71,900.90,2.40,0.00,880.32,900.90,3.35,0.00
04:12:02.799 [TUNER] 101,1000,916.71,909.91,2.40,0.00,880.32,909.91,3.35,0.00
04:12:02.832 [TUNER] 102,1000,941.01,918.92,2.32,0.00,923.72,918.92,3.02,0.00
04:12:02.868 [TUNER] 103,1000,941.01,927.93,2.32,0.00,923.72,927.93,3.02,0.00
04:12:02.869 [TUNER] 104,1000,968.89,936.94,2.19,0.00,955.91,936.94,2.83,0.00
04:12:02.902 [TUNER] 105,1000,968.89,945.95,2.19,0.00,955.91,945.95,2.83,0.00
04:12:02.903 [TUNER] 106,1000,976.80,954.95,2.31,0.00,978.86,954.95,2.76,0.00
04:12:02.938 [TUNER] 107,1000,976.80,963.96,2.31,0.00,978.86,963.96,2.76,0.00
04:12:02.940 [TUNER] 108,1000,983.92,972.97,2.45,0.00,999.52,972.97,2.72,0.00
04:12:02.972 [TUNER] 109,1000,983.92,981.98,2.45,0.00,999.52,981.98,2.72,0.00
04:12:03.007 [TUNER] 110,1000,987.76,990.99,2.65,0.00,1027.57,990.99,2.57,0.00
04:12:03.008 [TUNER] 111,1000,987.76,1000.00,2.65,0.00,1027.57,1000.00,2.57,0.00
04:12:03.042 [TUNER] 112,1000,994.64,1009.01,2.82,0.00,1041.64,1009.01,2.60,0.00
04:12:03.042 [TUNER] 113,1000,994.64,1018.02,2.82,0.00,1041.64,1018.02,2.60,0.00
04:12:03.079 [TUNER] 114,1000,1010.29,1027.03,2.88,0.00,1058.60,1027.03,2.61,0.00
04:12:03.079 [TUNER] 115,1000,1010.29,1036.04,2.88,0.00,1058.60,1036.04,2.61,0.00
04:12:03.112 [TUNER] 116,1000,1021.79,1045.05,3.00,0.00,1089.32,1045.05,2.41,0.00
04:12:03.148 [TUNER] 117,1000,1021.79,1054.05,3.00,0.00,1089.32,1054.05,2.41,0.00
04:12:03.148 [TUNER] 118,1000,1033.86,1063.06,3.12,0.00,1102.37,1063.06,2.46,0.00
04:12:03.182 [TUNER] 119,1000,1033.86,1072.07,3.12,0.00,1102.37,1072.07,2.46,0.00
04:12:03.184 [TUNER] 120,1000,1067.92,1081.08,2.95,0.00,1102.09,1081.08,2.70,0.00
04:12:03.217 [TUNER] 121,1000,1067.92,1090.09,2.95,0.00,1102.09,1090.09,2.70,0.00
04:12:03.217 [TUNER] 122,1000,1102.87,1099.10,2.75,0.00,1119.02,1099.10,2.71,0.00
04:12:03.252 [TUNER] 123,1000,1102.87,1108.11,2.75,0.00,1119.02,1108.11,2.71,0.00
04:12:03.288 [TUNER] 124,1000,1111.99,1117.12,2.89,0.00,1142.84,1117.12,2.63,0.00
04:12:03.288 [TUNER] 125,1000,1111.99,1126.13,2.89,0.00,1142.84,1126.13,2.63,0.00
04:12:03.322 [TUNER] 126,1000,1121.05,1135.14,3.03,0.00,1156.55,1135.14,2.68,0.00
04:12:03.323 [TUNER] 127,1000,1121.05,1144.14,3.03,0.00,1156.55,1144.14,2.68,0.00
04:12:03.359 [TUNER] 128,1000,1146.39,1153.15,2.96,0.00,1179.20,1153.15,2.61,0.00
04:12:03.360 [TUNER] 129,1000,1146.39,1162.16,2.96,0.00,1179.20,1162.16,2.61,0.00
04:12:03.391 [TUNER] 130,1000,1171.77,1171.17,2.89,0.00,1220.20,1171.17,2.28,0.00
04:12:03.427 [TUNER] 131,1000,1171.77,1180.18,2.89,0.00,1220.20,1180.18,2.28,0.00
04:12:03.428 [TUNER] 132,1000,1197.20,1189.19,2.81,0.00,1228.75,1189.19,2.38,0.00
04:12:03.463 [TUNER] 133,1000,1197.20,1198.20,2.81,0.00,1228.75,1198.20,2.38,0.00
04:12:03.463 [TUNER] 134,1000,1229.52,1207.21,2.63,0.00,1235.59,1207.21,2.52,0.00
04:12:03.498 [TUNER] 135,1000,1229.52,1216.22,2.63,0.00,1235.59,1216.22,2.52,0.00
04:12:03.499 [TUNER] 136,1000,1237.14,1225.23,2.76,0.00,1238.31,1225.23,2.73,0.00
04:12:03.531 [TUNER] 137,1000,1237.14,1234.23,2.76,0.00,1238.31,1234.23,2.73,0.00
04:12:03.567 [TUNER] 138,1000,1236.27,1243.24,3.02,0.00,1253.64,1243.24,2.78,0.00
04:12:03.568 [TUNER] 139,1000,1236.27,1252.25,3.02,0.00,1253.64,1252.25,2.78,0.00
04:12:03.603 [TUNER] 140,1000,1251.81,1261.26,3.08,0.00,1244.25,1261.26,3.18,0.00
04:12:03.603 [TUNER] 141,1000,1251.81,1270.27,3.08,0.00,1244.25,1270.27,3.18,0.00
04:12:03.636 [TUNER] 142,1000,1277.81,1279.28,3.00,0.00,1255.55,1279.28,3.31,0.00
04:12:03.637 [TUNER] 143,1000,1277.81,1288.29,3.00,0.00,1255.55,1288.29,3.31,0.00
04:12:03.673 [TUNER] 144,1000,1297.79,1297.30,2.99,0.00,1283.76,1297.30,3.20,0.00
04:12:03.745 [TUNER] 145,1000,1297.79,1306.31,2.99,0.00,1283.76,1306.31,3.20,0.00
04:12:03.748 [TUNER] 146,1000,1329.51,1315.32,2.83,0.00,1294.55,1315.32,3.34,0.00
04:12:03.748 [TUNER] 147,1000,1329.51,1324.32,2.83,0.00,1294.55,1324.32,3.34,0.00
04:12:03.749 [TUNER] 148,1000,1347.74,1333.33,2.83,0.00,1331.74,1333.33,3.10,0.00
04:12:03.780 [TUNER] 149,1000,1347.74,1342.34,2.83,0.00,1331.74,1342.34,3.10,0.00
04:12:03.780 [TUNER] 150,1000,1359.86,1351.35,2.92,0.00,1360.93,1351.35,2.96,0.00
04:12:03.812 [TUNER] 151,1000,1359.86,1360.36,2.92,0.00,1360.93,1360.36,2.96,0.00
04:12:03.847 [TUNER] 152,1000,1387.95,1369.37,2.79,0.00,1364.86,1369.37,3.17,0.00
04:12:03.849 [TUNER] 153,1000,1387.95,1378.38,2.79,0.00,1364.86,1378.38,3.17,0.00
04:12:03.882 [TUNER] 154,1000,1406.36,1387.39,2.79,0.00,1385.57,1387.39,3.15,0.00
04:12:03.882 [TUNER] 155,1000,1406.36,1396.40,2.79,0.00,1385.57,1396.40,3.15,0.00
04:12:03.918 [TUNER] 156,1000,1430.66,1405.41,2.71,0.00,1400.78,1405.41,3.21,0.00
04:12:03.918 [TUNER] 157,1000,1430.66,1414.41,2.71,0.00,1400.78,1414.41,3.21,0.00
04:12:03.952 [TUNER] 158,1000,1452.52,1423.42,2.65,0.00,1403.30,1423.42,3.46,0.00
04:12:03.987 [TUNER] 159,1000,1452.52,1432.43,2.65,0.00,1403.30,1432.43,3.46,0.00
04:12:03.987 [TUNER] 160,1000,1445.58,1441.44,2.97,0.00,1421.89,1441.44,3.49,0.00
04:12:04.023 [TUNER] 161,1000,1445.58,1450.45,2.97,0.00,1421.89,1450.45,3.49,0.00
04:12:04.023 [TUNER] 162,1000,1447.91,1459.46,3.20,0.00,1431.75,1459.46,3.64,0.00
04:12:04.057 [TUNER] 163,1000,1447.91,1468.47,3.20,0.00,1431.75,1468.47,3.64,0.00
04:12:04.058 [TUNER] 164,1000,1464.62,1477.48,3.24,0.00,1439.76,1477.48,3.83,0.00
04:12:04.094 [TUNER] 165,1000,1464.62,1486.49,3.24,0.00,1439.76,1486.49,3.83,0.00
04:12:04.128 [TUNER] 166,1000,1479.65,1495.50,3.31,0.00,1471.89,1495.50,3.68,0.00
04:12:04.129 [TUNER] 167,1000,1479.65,1504.50,3.31,0.00,1471.89,1504.50,3.68,0.00
04:12:04.161 [TUNER] 168,1000,1505.21,1513.51,3.24,0.00,1489.63,1513.51,3.72,0.00
04:12:04.162 [TUNER] 169,1000,1505.21,1522.52,3.24,0.00,1489.63,1522.52,3.72,0.00
04:12:04.198 [TUNER] 170,1000,1518.77,1531.53,3.33,0.00,1504.74,1531.53,3.80,0.00
04:12:04.198 [TUNER] 171,1000,1518.77,1540.54,3.33,0.00,1504.74,1540.54,3.80,0.00
04:12:04.232 [TUNER] 172,1000,1515.50,1549.55,3.64,0.00,1528.65,1549.55,3.76,0.00
04:12:04.268 [TUNER] 173,1000,1515.50,1558.56,3.64,0.00,1528.65,1558.56,3.76,0.00
04:12:04.269 [TUNER] 174,1000,1530.60,1567.57,3.73,0.00,1541.58,1567.57,3.87,0.00
04:12:04.305 [TUNER] 175,1000,1530.60,1576.58,3.73,0.00,1541.58,1576.58,3.87,0.00
04:12:04.306 [TUNER] 176,1000,1551.93,1585.59,3.73,0.00,1589.29,1585.59,3.49,0.00
04:12:04.337 [TUNER] 177,1000,1551.93,1594.59,3.73,0.00,1589.29,1594.59,3.49,0.00
04:12:04.373 [TUNER] 178,1000,1577.13,1603.60,3.69,0.00,1623.65,1603.60,3.27,0.00
04:12:04.374 [TUNER] 179,1000,1577.13,1612.61,3.69,0.00,1623.65,1612.61,3.27,0.00
04:12:04.411 [TUNER] 180,1000,1610.12,1621.62,3.53,0.00,1652.85,1621.62,3.11,0.00
04:12:04.412 [TUNER] 181,1000,1610.12,1630.63,3.53,0.00,1652.85,1630.63,3.11,0.00
04:12:04.442 [TUNER] 182,1000,1612.32,1639.64,3.77,0.00,1677.41,1639.64,3.00,0.00
04:12:04.442 [TUNER] 183,1000,1612.32,1648.65,3.77,0.00,1677.41,1648.65,3.00,0.00
04:12:04.476 [TUNER] 184,1000,1627.19,1657.66,3.85,0.00,1692.64,1657.66,3.02,0.00
04:12:04.476 [TUNER] 185,1000,1627.19,1666.67,3.85,0.00,1692.64,1666.67,3.02,0.00
04:12:04.511 [TUNER] 186,1000,1644.87,1675.68,3.90,0.00,1702.05,1675.68,3.13,0.00
04:12:04.549 [TUNER] 187,1000,1644.87,1684.68,3.90,0.00,1702.05,1684.68,3.13,0.00
04:12:04.549 [TUNER] 188,1000,1684.83,1693.69,3.66,0.00,1683.04,1693.69,3.66,0.00
04:12:04.583 [TUNER] 189,1000,1684.83,1702.70,3.66,0.00,1683.04,1702.70,3.66,0.00
04:12:04.583 [TUNER] 190,1000,1735.40,1711.71,3.25,0.00,1671.94,1711.71,4.10,0.00
04:12:04.618 [TUNER] 191,1000,1735.40,1720.72,3.25,0.00,1671.94,1720.72,4.10,0.00
04:12:04.619 [TUNER] 192,1000,1766.31,1729.73,3.08,0.00,1683.42,1729.73,4.25,0.00
04:12:04.652 [TUNER] 193,1000,1766.31,1738.74,3.08,0.00,1683.42,1738.74,4.25,0.00
04:12:04.687 [TUNER] 194,1000,1794.13,1747.75,2.93,0.00,1679.15,1747.75,4.63,0.00
04:12:04.690 [TUNER] 195,1000,1794.13,1756.76,2.93,0.00,1679.15,1756.76,4.63,0.00
04:12:04.722 [TUNER] 196,1000,1792.53,1765.77,3.17,0.00,1723.42,1765.77,4.34,0.00
04:12:04.724 [TUNER] 197,1000,1792.53,1774.77,3.17,0.00,1723.42,1774.77,4.34,0.00
04:12:04.757 [TUNER] 198,1000,1796.25,1783.78,3.35,0.00,1748.65,1783.78,4.29,0.00
04:12:04.759 [TUNER] 199,1000,1796.25,1792.79,3.35,0.00,1748.65,1792.79,4.29,0.00
04:12:04.792 [TUNER] 200,1000,1802.18,1801.80,3.52,0.00,1823.76,1801.80,3.53,0.00
04:12:04.827 [TUNER] 201,1000,1802.18,1810.81,3.52,0.00,1823.76,1810.81,3.53,0.00
04:12:04.827 [TUNER] 202,1000,1822.11,1819.82,3.51,0.00,1863.88,1819.82,3.21,0.00
04:12:04.863 [TUNER] 203,1000,1822.11,1828.83,3.51,0.00,1863.88,1828.83,3.21,0.00
04:12:04.863 [TUNER] 204,1000,1846.93,1837.84,3.44,0.00,1923.17,1837.84,2.59,0.00
04:12:04.896 [TUNER] 205,1000,1846.93,1846.85,3.44,0.00,1923.17,1846.85,2.59,0.00
04:12:04.897 [TUNER] 206,1000,1925.10,1855.86,2.65,0.00,1955.06,1855.86,2.33,0.00
04:12:04.934 [TUNER] 207,1000,1925.10,1864.86,2.65,0.00,1955.06,1864.86,2.33,0.00
04:12:04.968 [TUNER] 208,1000,1970.54,1873.87,2.25,0.00,1967.44,1873.87,2.33,0.00
04:12:04.968 [TUNER] 209,1000,1970.54,1882.88,2.25,0.00,1967.44,1882.88,2.33,0.00
04:12:05.002 [TUNER] 210,1000,2021.75,1891.89,1.74,0.00,1939.07,1891.89,2.92,0.00
04:12:05.003 [TUNER] 211,1000,2021.75,1900.90,1.74,0.00,1939.07,1900.90,2.92,0.00
04:12:05.036 [TUNER] 212,1000,2029.17,1909.91,1.78,0.00,1929.85,1909.91,3.29,0.00
04:12:05.038 [TUNER] 213,1000,2029.17,1918.92,1.78,0.00,1929.85,1918.92,3.29,0.00
04:12:05.072 [TUNER] 214,1000,2004.93,1927.93,2.25,0.00,1908.67,1927.93,3.85,0.00
04:12:05.108 [TUNER] 215,1000,2004.93,1936.94,2.25,0.00,1908.67,1936.94,3.85,0.00
04:12:05.109 [TUNER] 216,1000,1956.49,1945.95,3.08,0.00,1898.20,1945.95,4.29,0.00
04:12:05.142 [TUNER] 217,1000,1956.49,1954.95,3.08,0.00,1898.20,1954.95,4.29,0.00
04:12:05.143 [TUNER] 218,1000,1918.90,1963.96,3.83,0.00,1898.23,1963.96,4.61,0.00
04:12:05.177 [TUNER] 219,1000,1918.90,1972.97,3.83,0.00,1898.23,1972.97,4.61,0.00
04:12:05.214 [TUNER] 220,1000,1922.87,1981.98,4.07,0.00,1897.39,1981.98,4.96,0.00
04:12:05.214 [TUNER] 221,1000,1922.87,1990.99,4.07,0.00,1897.39,1990.99,4.96,0.00
04:12:05.250 [TUNER] 222,1000,1935.69,2000.00,4.21,0.00,1937.64,2000.00,4.74,0.00
04:12:05.250 [TUNER] 223,1000,1935.69,2000.00,4.21,0.00,1937.64,2000.00,4.74,0.00
04:12:05.284 [TUNER] 224,1000,2012.26,2000.00,3.25,0.00,1981.32,2000.00,4.18,0.00
04:12:05.284 [TUNER] 225,1000,2056.22,2000.00,3.25,0.00,2055.82,2000.00,4.18,0.00
04:12:05.318 [TUNER] 226,1000,2056.22,2000.00,2.67,0.00,2055.82,2000.00,3.14,0.00
04:12:05.353 [TUNER] 227,1000,2126.63,2000.00,1.73,0.00,2098.74,2000.00,2.50,0.00
04:12:05.355 [TUNER] 228,1000,2164.30,2000.00,1.73,0.00,2156.35,2000.00,2.50,0.00
04:12:05.387 [TUNER] 229,1000,2164.30,2000.00,1.13,0.00,2156.35,2000.00,1.60,0.00
04:12:05.424 [TUNER] 230,1000,2171.44,2000.00,0.95,0.00,2158.27,2000.00,1.48,0.00
04:12:05.424 [TUNER] 231,1000,2148.05,2000.00,0.95,0.00,2143.05,2000.00,1.48,0.00
04:12:05.426 [TUNER] 232,1000,2148.05,2000.00,1.12,0.00,2143.05,2000.00,1.56,0.00
04:12:05.458 [TUNER] 233,1000,2083.72,2000.00,1.87,0.00,2129.96,2000.00,1.66,0.00
04:12:05.492 [TUNER] 234,1000,2015.95,2000.00,1.87,0.00,2071.28,2000.00,1.66,0.00
04:12:05.493 [TUNER] 235,1000,2015.95,2000.00,2.70,0.00,2071.28,2000.00,2.39,0.00
04:12:05.527 [TUNER] 236,1000,2002.67,2000.00,2.86,0.00,2030.11,2000.00,2.92,0.00
04:12:05.528 [TUNER] 237,1000,1996.16,2000.00,2.86,0.00,2017.43,2000.00,2.92,0.00
04:12:05.563 [TUNER] 238,1000,1996.16,2000.00,2.94,0.00,2017.43,2000.00,3.07,0.00
04:12:05.564 [TUNER] 239,1000,1995.18,2000.00,2.96,0.00,2015.18,2000.00,3.09,0.00
04:12:05.597 [TUNER] 240,1000,2013.42,2000.00,2.96,0.00,2000.55,2000.00,3.09,0.00
04:12:05.632 [TUNER] 241,1000,2013.42,2000.00,2.72,0.00,2000.55,2000.00,3.29,0.00
04:12:05.633 [TUNER] 242,1000,2019.31,2000.00,2.64,0.00,2025.79,2000.00,2.94,0.00
04:12:05.670 [TUNER] 243,1000,2035.14,2000.00,2.64,0.00,2040.97,2000.00,2.94,0.00
04:12:05.673 [TUNER] 244,1000,2035.14,2000.00,2.42,0.00,2040.97,2000.00,2.70,0.00
04:12:05.704 [TUNER] 245,1000,2056.91,2000.00,2.11,0.00,2038.95,2000.00,2.70,0.00
04:12:05.705 [TUNER] 246,1000,2053.55,2000.00,2.11,0.00,2059.67,2000.00,2.70,0.00
04:12:05.737 [TUNER] 247,1000,2053.55,2000.00,2.11,0.00,2059.67,2000.00,2.38,0.00
04:12:05.772 [TUNER] 248,1000,2069.18,2000.00,1.88,0.00,2047.18,2000.00,2.51,0.00
04:12:05.773 [TUNER] 249,1000,2062.88,2000.00,1.88,0.00,2037.93,2000.00,2.51,0.00
04:12:05.808 [TUNER] 250,1000,2062.88,2000.00,1.91,0.00,2037.93,2000.00,2.61,0.00
04:12:05.808 [TUNER] 251,1000,2050.92,2000.00,2.03,0.00,2046.53,2000.00,2.46,0.00
04:12:05.842 [TUNER] 252,1000,2048.16,2000.00,2.03,0.00,2037.34,2000.00,2.46,0.00
04:12:05.842 [TUNER] 253,1000,2048.16,2000.00,2.03,0.00,2037.34,2000.00,2.56,0.00
04:12:05.877 [TUNER] 254,1000,2029.94,2000.00,2.24,0.00,2032.24,2000.00,2.60,0.00
04:12:05.912 [TUNER] 255,1000,2006.98,2000.00,2.24,0.00,2055.35,2000.00,2.60,0.00
04:12:05.912 [TUNER] 256,1000,2006.98,2000.00,2.51,0.00,2055.35,2000.00,2.25,0.00
04:12:05.948 [TUNER] 257,1000,2003.20,2000.00,2.56,0.00,2048.45,2000.00,2.31,0.00
04:12:05.949 [TUNER] 258,1000,1993.20,2000.00,2.56,0.00,2052.79,2000.00,2.31,0.00
04:12:05.982 [TUNER] 259,1000,1993.20,2000.00,2.69,0.00,2052.79,2000.00,2.21,0.00
04:12:05.982 [TUNER] 260,1000,1965.00,2000.00,3.06,0.00,2059.90,2000.00,2.08,0.00
04:12:06.018 [TUNER] 261,1000,1965.68,2000.00,3.06,0.00,2037.38,2000.00,2.08,0.00
04:12:06.052 [TUNER] 262,1000,1965.68,2000.00,3.07,0.00,2037.38,2000.00,2.35,0.00
04:12:06.053 [TUNER] 263,1000,1975.49,2000.00,2.97,0.00,2032.27,2000.00,2.40,0.00
04:12:06.090 [TUNER] 264,1000,1973.41,2000.00,2.97,0.00,2058.81,2000.00,2.40,0.00
04:12:06.091 [TUNER] 265,1000,1973.41,2000.00,3.01,0.00,2058.81,2000.00,1.99,0.00
04:12:06.124 [TUNER] 266,1000,1996.20,2000.00,2.73,0.00,2040.38,2000.00,2.22,0.00
04:12:06.125 [TUNER] 267,1000,2000.62,2000.00,2.73,0.00,2036.95,2000.00,2.22,0.00
04:12:06.157 [TUNER] 268,1000,2000.62,2000.00,2.68,0.00,2036.95,2000.00,2.23,0.00
04:12:06.192 [TUNER] 269,1000,1997.47,2000.00,2.72,0.00,2034.47,2000.00,2.24,0.00
04:12:06.192 [TUNER] 270,1000,2005.19,2000.00,2.72,0.00,2012.78,2000.00,2.24,0.00
04:12:06.227 [TUNER] 271,1000,2005.19,2000.00,2.62,0.00,2012.78,2000.00,2.52,0.00
04:12:06.228 [TUNER] 272,1000,2008.47,2000.00,2.57,0.00,2012.71,2000.00,2.52,0.00
04:12:06.264 [TUNER] 273,1000,2006.52,2000.00,2.57,0.00,2013.77,2000.00,2.52,0.00
04:12:06.265 [TUNER] 274,1000,2006.52,2000.00,2.59,0.00,2013.77,2000.00,2.49,0.00
04:12:06.297 [TUNER] 275,1000,2018.26,2000.00,2.44,0.00,1999.85,2000.00,2.68,0.00
04:12:06.333 [TUNER] 276,1000,2017.04,2000.00,2.44,0.00,2012.48,2000.00,2.68,0.00
04:12:06.334 [TUNER] 277,1000,2017.04,2000.00,2.44,0.00,2012.48,2000.00,2.50,0.00
04:12:06.369 [TUNER] 278,1000,2004.52,2000.00,2.59,0.00,2015.88,2000.00,2.44,0.00
04:12:06.369 [TUNER] 279,1000,2021.82,2000.00,2.59,0.00,1990.90,2000.00,2.44,0.00
04:12:06.405 [TUNER] 280,1000,2021.82,2000.00,2.36,0.00,1990.90,2000.00,2.78,0.00
04:12:06.405 [TUNER] 281,1000,2030.31,2000.00,2.24,0.00,1999.04,2000.00,2.68,0.00
04:12:06.437 [TUNER] 282,1000,2045.04,2000.00,2.24,0.00,2016.90,2000.00,2.68,0.00
04:12:06.475 [TUNER] 283,1000,2045.04,2000.00,2.02,0.00,2016.90,2000.00,2.42,0.00
04:12:06.477 [TUNER] 284,1000,2063.25,2000.00,1.76,0.00,1998.36,2000.00,2.67,0.00
04:12:06.507 [TUNER] 285,1000,2035.24,2000.00,1.76,0.00,2021.43,2000.00,2.67,0.00
04:12:06.508 [TUNER] 286,1000,2035.24,2000.00,2.08,0.00,2021.43,2000.00,2.35,0.00
04:12:06.542 [TUNER] 287,1000,2016.60,2000.00,2.30,0.00,2023.08,2000.00,2.31,0.00
04:12:06.543 [TUNER] 288,1000,2018.98,2000.00,2.30,0.00,2002.52,2000.00,2.31,0.00
04:12:06.577 [TUNER] 289,1000,2018.98,2000.00,2.26,0.00,2002.52,2000.00,2.58,0.00
04:12:06.612 [TUNER] 290,1000,2002.82,2000.00,2.45,0.00,2006.92,2000.00,2.52,0.00
04:12:06.612 [TUNER] 291,1000,2030.58,2000.00,2.45,0.00,2008.56,2000.00,2.52,0.00
04:12:06.647 [TUNER] 292,1000,2030.58,2000.00,2.09,0.00,2008.56,2000.00,2.49,0.00
04:12:06.648 [TUNER] 293,1000,2048.51,2000.00,1.84,0.00,1996.02,2000.00,2.66,0.00
04:12:06.682 [TUNER] 294,1000,2035.70,2000.00,1.84,0.00,2010.74,2000.00,2.66,0.00
04:12:06.682 [TUNER] 295,1000,2035.70,2000.00,1.97,0.00,2010.74,2000.00,2.46,0.00
04:12:06.718 [TUNER] 296,1000,2024.74,2000.00,2.09,0.00,2008.30,2000.00,2.48,0.00
04:12:06.754 [TUNER] 297,1000,2019.45,2000.00,2.09,0.00,1997.80,2000.00,2.48,0.00
04:12:06.755 [TUNER] 298,1000,2019.45,2000.00,2.14,0.00,1997.80,2000.00,2.62,0.00
04:12:06.787 [TUNER] 299,1000,2008.40,2000.00,2.27,0.00,2018.15,2000.00,2.34,0.00
04:12:06.788 [TUNER] 300,1000,2013.32,2000.00,2.27,0.00,2008.37,2000.00,2.34,0.00
04:12:06.823 [TUNER] 301,1000,2013.32,2000.00,2.20,0.00,2008.37,2000.00,2.47,0.00
04:12:06.861 [TUNER] 302,1000,2023.52,2000.00,2.06,0.00,2005.31,2000.00,2.50,0.00
04:12:06.863 [TUNER] 303,1000,2001.20,2000.00,2.06,0.00,2024.25,2000.00,2.50,0.00
04:12:06.893 [TUNER] 304,1000,2001.20,2000.00,2.34,0.00,2024.25,2000.00,2.23,0.00
04:12:06.893 [TUNER] 305,1000,1998.86,2000.00,2.37,0.00,2025.62,2000.00,2.20,0.00
04:12:06.927 [TUNER] 306,1000,1994.44,2000.00,2.37,0.00,2030.53,2000.00,2.20,0.00
04:12:06.927 [TUNER] 307,1000,1994.44,2000.00,2.43,0.00,2030.53,2000.00,2.11,0.00
04:12:06.962 [TUNER] 308,1000,1983.31,2000.00,2.57,0.00,2051.91,2000.00,1.79,0.00
04:12:06.998 [TUNER] 309,1000,1995.88,2000.00,2.57,0.00,2047.33,2000.00,1.79,0.00
04:12:06.998 [TUNER] 310,1000,1995.88,2000.00,2.42,0.00,2047.33,2000.00,1.81,0.00
04:12:07.068 [TUNER] 311,1000,2003.52,2000.00,2.32,0.00,2063.59,2000.00,1.55,0.00
04:12:07.068 [TUNER] 312,1000,2019.21,2000.00,2.32,0.00,2074.99,2000.00,1.55,0.00
04:12:07.070 [TUNER] 313,1000,2019.21,2000.00,2.12,0.00,2074.99,2000.00,1.34,0.00
04:12:07.070 [TUNER] 314,1000,2049.46,2000.00,1.71,0.00,2048.92,2000.00,1.66,0.00
04:12:07.102 [TUNER] 315,1000,2057.13,2000.00,1.71,0.00,2044.64,2000.00,1.66,0.00
04:12:07.138 [TUNER] 316,1000,2057.13,2000.00,1.58,0.00,2044.64,2000.00,1.68,0.00
04:12:07.139 [TUNER] 317,1000,2058.65,2000.00,1.52,0.00,2036.23,2000.00,1.77,0.00
04:12:07.172 [TUNER] 318,1000,2060.26,2000.00,1.52,0.00,1998.93,2000.00,1.77,0.00
04:12:07.175 [TUNER] 319,1000,2060.26,2000.00,1.46,0.00,1998.93,2000.00,2.27,0.00
04:12:07.208 [TUNER] 320,1000,2026.21,2000.00,1.86,0.00,1996.81,2000.00,2.30,0.00
04:12:07.242 [TUNER] 321,1000,1995.05,2000.00,1.86,0.00,2002.88,2000.00,2.30,0.00
04:12:07.243 [TUNER] 322,1000,1995.05,2000.00,2.25,0.00,2002.88,2000.00,2.21,0.00
04:12:07.277 [TUNER] 323,1000,1986.44,2000.00,2.37,0.00,1986.61,2000.00,2.44,0.00
04:12:07.279 [TUNER] 324,1000,1976.41,2000.00,2.37,0.00,1991.99,2000.00,2.44,0.00
04:12:07.312 [TUNER] 325,1000,1976.41,2000.00,2.51,0.00,1991.99,2000.00,2.38,0.00
04:12:07.347 [TUNER] 326,1000,1984.28,2000.00,2.42,0.00,2000.03,2000.00,2.27,0.00
04:12:07.384 [TUNER] 327,1000,2017.33,2000.00,2.42,0.00,1990.35,2000.00,2.27,0.00
04:12:07.384 [TUNER] 328,1000,2017.33,2000.00,2.00,0.00,1990.35,2000.00,2.41,0.00
04:12:07.384 [TUNER] 329,1000,2036.58,2000.00,1.74,0.00,2006.28,2000.00,2.19,0.00
04:12:07.417 [TUNER] 330,1000,2036.97,2000.00,1.74,0.00,2014.84,2000.00,2.19,0.00
04:12:07.453 [TUNER] 331,1000,2036.97,2000.00,1.71,0.00,2014.84,2000.00,2.06,0.00
04:12:07.453 [TUNER] 332,1000,2039.64,2000.00,1.65,0.00,1999.09,2000.00,2.27,0.00
04:12:07.486 [TUNER] 333,1000,2032.86,2000.00,1.65,0.00,1998.08,2000.00,2.27,0.00
04:12:07.523 [TUNER] 334,1000,2032.86,2000.00,1.71,0.00,1998.08,2000.00,2.29,0.00
04:12:07.524 [TUNER] 335,1000,2025.63,2000.00,1.78,0.00,1997.77,2000.00,2.29,0.00
04:12:07.526 [TUNER] 336,1000,2009.96,2000.00,1.78,0.00,1967.74,2000.00,2.29,0.00
04:12:07.557 [TUNER] 337,1000,2009.96,2000.00,1.97,0.00,1967.74,2000.00,2.72,0.00
04:12:07.594 [TUNER] 338,1000,1981.80,2000.00,2.33,0.00,1971.32,2000.00,2.69,0.00
04:12:07.595 [TUNER] 339,1000,1977.38,2000.00,2.33,0.00,1974.80,2000.00,2.69,0.00
04:12:07.627 [TUNER] 340,1000,1977.38,2000.00,2.40,0.00,1974.80,2000.00,2.67,0.00
04:12:07.627 [TUNER] 341,1000,1982.57,2000.00,2.35,0.00,1967.35,2000.00,2.79,0.00
04:12:07.661 [TUNER] 342,1000,1984.93,2000.00,2.35,0.00,1983.23,2000.00,2.79,0.00
04:12:07.696 [TUNER] 343,1000,1984.93,2000.00,2.33,0.00,1983.23,2000.00,2.59,0.00
04:12:07.697 [TUNER] 344,1000,2002.27,2000.00,2.11,0.00,1993.00,2000.00,2.46,0.00
04:12:07.734 [TUNER] 345,1000,2021.51,2000.00,2.11,0.00,1982.31,2000.00,2.46,0.00
04:12:07.734 [TUNER] 346,1000,2021.51,2000.00,1.86,0.00,1982.31,2000.00,2.62,0.00
04:12:07.768 [TUNER] 347,1000,2008.54,2000.00,2.01,0.00,1994.75,2000.00,2.45,0.00
04:12:07.802 [TUNER] 348,1000,2004.86,2000.00,2.01,0.00,1997.60,2000.00,2.45,0.00
04:12:07.805 [TUNER] 349,1000,2004.86,2000.00,2.06,0.00,1997.60,2000.00,2.42,0.00
04:12:07.837 [TUNER] 350,1000,2002.15,2000.00,2.09,0.00,1995.62,2000.00,2.45,0.00
04:12:07.840 [TUNER] 351,1000,1988.83,2000.00,2.09,0.00,2020.67,2000.00,2.45,0.00
04:12:07.872 [TUNER] 352,1000,1988.83,2000.00,2.26,0.00,2020.67,2000.00,2.10,0.00
04:12:07.873 [TUNER] 353,1000,1997.18,2000.00,2.16,0.00,2022.40,2000.00,2.06,0.00
04:12:07.908 [TUNER] 354,1000,2003.22,2000.00,2.16,0.00,2025.91,2000.00,2.06,0.00
04:12:07.942 [TUNER] 355,1000,2003.22,2000.00,2.08,0.00,2025.91,2000.00,1.99,0.00
04:12:07.942 [TUNER] 356,1000,1990.35,2000.00,2.25,0.00,2037.44,2000.00,1.81,0.00
04:12:07.976 [TUNER] 357,1000,1990.21,2000.00,2.25,0.00,2022.30,2000.00,1.81,0.00
04:12:07.977 [TUNER] 358,1000,1990.21,2000.00,2.26,0.00,2022.30,2000.00,2.00,0.00
04:12:08.013 [TUNER] 359,1000,2000.15,2000.00,2.13,0.00,2012.69,2000.00,2.12,0.00
04:12:08.047 [TUNER] 360,1000,2005.89,2000.00,2.13,0.00,2022.32,2000.00,2.12,0.00
04:12:08.048 [TUNER] 361,1000,2005.89,2000.00,2.06,0.00,2022.32,2000.00,1.97,0.00
04:12:08.082 [TUNER] 362,1000,2021.13,2000.00,1.86,0.00,2004.96,2000.00,2.20,0.00
04:12:08.084 [TUNER] 363,1000,2019.63,2000.00,1.86,0.00,1991.36,2000.00,2.20,0.00
04:12:08.117 [TUNER] 364,1000,2019.63,2000.00,1.86,0.00,1991.36,2000.00,2.39,0.00
04:12:08.152 [TUNER] 365,1000,2003.40,2000.00,2.06,0.00,1999.46,2000.00,2.28,0.00
04:12:08.155 [TUNER] 366,1000,2013.96,2000.00,2.06,0.00,1979.55,2000.00,2.28,0.00
04:12:08.186 [TUNER] 367,1000,2013.96,2000.00,1.92,-0.00,1979.55,2000.00,2.56,0.00
04:12:08.189 [TUNER] 368,1000,2010.34,2000.00,1.96,-0.00,1975.93,2000.00,2.63,0.00
04:12:08.224 [TUNER] 369,1000,2003.06,2000.00,1.96,-0.00,2001.24,2000.00,2.63,0.00
04:12:08.258 [TUNER] 370,1000,2003.06,2000.00,2.05,-0.00,2001.24,2000.00,2.29,0.00
04:12:08.259 [TUNER] 371,1000,2006.55,2000.00,2.00,-0.00,2002.33,2000.00,2.27,0.00
04:12:08.294 [TUNER] 372,1000,1999.64,2000.00,2.00,-0.00,2007.85,2000.00,2.27,0.00
04:12:08.295 [TUNER] 373,1000,1999.64,2000.00,2.08,-0.00,2007.85,2000.00,2.19,0.00
04:12:08.328 [TUNER] 374,1000,1990.58,2000.00,2.20,-0.00,2026.34,2000.00,1.93,0.00
04:12:08.328 [TUNER] 375,1000,2000.70,2000.00,2.20,-0.00,2020.89,2000.00,1.93,0.00
04:12:08.362 [TUNER] 376,1000,2000.70,2000.00,2.08,-0.00,2020.89,2000.00,1.98,0.00
04:12:08.399 [TUNER] 377,1000,2000.13,2000.00,2.08,-0.00,2036.35,2000.00,1.75,0.00
04:12:08.399 [TUNER] 378,1000,1999.01,2000.00,2.08,-0.00,2048.76,2000.00,1.75,0.00
04:12:08.433 [TUNER] 379,1000,1999.01,2000.00,2.10,-0.00,2048.76,2000.00,1.55,0.00
04:12:08.434 [TUNER] 380,1000,2014.94,2000.00,1.89,-0.00,2036.50,2000.00,1.69,-0.00
04:12:08.468 [TUNER] 381,1000,2005.49,2000.00,1.89,-0.00,2042.03,2000.00,1.69,-0.00
04:12:08.502 [TUNER] 382,1000,2005.49,2000.00,2.00,-0.00,2042.03,2000.00,1.58,-0.00
04:12:08.502 [TUNER] 383,1000,2000.13,2000.00,2.07,-0.00,2020.98,2000.00,1.85,-0.00
04:12:08.539 [TUNER] 384,1000,2011.02,2000.00,2.07,-0.00,1986.92,2000.00,1.85,-0.00
04:12:08.540 [TUNER] 385,1000,2011.02,2000.00,1.93,-0.00,1986.92,2000.00,2.32,-0.00
04:12:08.571 [TUNER] 386,1000,2009.41,2000.00,1.94,-0.00,1977.40,2000.00,2.46,-0.00
04:12:08.607 [TUNER] 387,1000,1993.65,2000.00,1.94,-0.00,1990.56,2000.00,2.46,-0.00
04:12:08.608 [TUNER] 388,1000,1993.65,2000.00,2.14,-0.00,1990.56,2000.00,2.29,-0.00
04:12:08.642 [TUNER] 389,1000,2001.52,2000.00,2.04,-0.00,1970.36,2000.00,2.58,-0.00
04:12:08.642 [TUNER] 390,1000,1981.40,2000.00,2.04,-0.00,1970.51,2000.00,2.58,-0.00
04:12:08.676 [TUNER] 391,1000,1981.40,2000.00,2.31,-0.00,1970.51,2000.00,2.60,0.00
04:12:08.711 [TUNER] 392,1000,1974.16,2000.00,2.41,-0.00,1978.97,2000.00,2.50,0.00
04:12:08.712 [TUNER] 393,1000,1977.35,2000.00,2.41,-0.00,1969.68,2000.00,2.50,0.00
04:12:08.747 [TUNER] 394,1000,1977.35,2000.00,2.39,0.00,1969.68,2000.00,2.65,0.00
04:12:08.748 [TUNER] 395,1000,1969.65,2000.00,2.50,0.00,1987.69,2000.00,2.42,0.00
04:12:08.785 [TUNER] 396,1000,1964.73,2000.00,2.50,0.00,2008.39,2000.00,2.42,0.00
04:12:08.786 [TUNER] 397,1000,1964.73,2000.00,2.59,0.00,2008.39,2000.00,2.13,0.00
04:12:08.817 [TUNER] 398,1000,1983.23,2000.00,2.37,0.00,2010.49,2000.00,2.10,0.00
04:12:08.853 [TUNER] 399,1000,1990.66,2000.00,2.37,0.00,2028.91,2000.00,2.10,0.00
04:12:08.853 [TUNER] 400,1000,1990.66,2000.00,2.29,0.00,2028.91,2000.00,1.83,0.00
04:12:08.888 [TUNER] 401,1000,2000.55,2000.00,2.16,0.00,2015.19,2000.00,2.00,0.00
04:12:08.889 [TUNER] 402,1000,2025.11,2000.00,2.16,0.00,1993.71,2000.00,2.00,0.00
04:12:08.922 [TUNER] 403,1000,2025.11,2000.00,1.84,0.00,1993.71,2000.00,2.29,0.00
04:12:08.957 [TUNER] 404,1000,2025.53,2000.00,1.82,0.00,1998.13,2000.00,2.24,0.00
04:12:08.958 [TUNER] 405,1000,2021.87,2000.00,1.82,0.00,1998.93,2000.00,2.24,0.00
04:12:08.992 [TUNER] 406,1000,2021.87,2000.00,1.85,0.00,1998.93,2000.00,2.23,0.00
04:12:08.992 [TUNER] 407,1000,2014.02,2000.00,1.94,0.00,1978.76,2000.00,2.51,0.00
04:12:09.027 [TUNER] 408,1000,1985.80,2000.00,1.94,0.00,1993.49,2000.00,2.51,0.00
04:12:09.062 [TUNER] 409,1000,1985.80,2000.00,2.30,0.00,1993.49,2000.00,2.32,0.00
04:12:09.063 [TUNER] 410,1000,1979.83,2000.00,2.38,0.00,1991.06,2000.00,2.36,0.00
04:12:09.097 [TUNER] 411,1000,1970.46,2000.00,2.38,0.00,1978.85,2000.00,2.36,0.00
04:12:09.098 [TUNER] 412,1000,1970.46,2000.00,2.52,0.00,1978.85,2000.00,2.54,0.00
04:12:09.133 [TUNER] 413,1000,1969.47,2000.00,2.55,0.00,1989.92,2000.00,2.39,0.00
04:12:09.169 [TUNER] 414,1000,1990.28,2000.00,2.55,0.00,1994.97,2000.00,2.39,0.00
04:12:09.169 [TUNER] 415,1000,1990.28,2000.00,2.30,0.00,1994.97,2000.00,2.33,0.00
04:12:09.205 [TUNER] 416,1000,2014.82,2000.00,1.99,0.00,1991.52,2000.00,2.38,0.00
04:12:09.205 [TUNER] 417,1000,2012.24,2000.00,1.99,0.00,2020.42,2000.00,2.38,0.00
04:12:09.237 [TUNER] 418,1000,2012.24,2000.00,2.01,0.00,2020.42,2000.00,1.98,0.00
04:12:09.240 [TUNER] 419,1000,2028.56,2000.00,1.79,0.00,2017.01,2000.00,2.01,0.00
04:12:09.272 [TUNER] 420,1000,2041.75,2000.00,1.79,0.00,2009.06,2000.00,2.01,0.00
04:12:09.307 [TUNER] 421,1000,2041.75,2000.00,1.60,0.00,2009.06,2000.00,2.11,0.00
04:12:09.308 [TUNER] 422,1000,2037.07,2000.00,1.64,0.00,2019.69,2000.00,1.96,0.00
04:12:09.342 [TUNER] 423,1000,2051.12,2000.00,1.64,0.00,2011.47,2000.00,1.96,0.00
04:12:09.342 [TUNER] 424,1000,2051.12,2000.00,1.42,-0.00,2011.47,2000.00,2.06,0.00
04:12:09.377 [TUNER] 425,1000,2027.45,2000.00,1.70,-0.00,1998.64,2000.00,2.23,0.00
04:12:09.411 [TUNER] 426,1000,1991.02,2000.00,1.70,-0.00,2019.96,2000.00,2.23,0.00
04:12:09.412 [TUNER] 427,1000,1991.02,2000.00,2.16,-0.00,2019.96,2000.00,1.93,0.00
04:12:09.447 [TUNER] 428,1000,1980.23,2000.00,2.30,-0.00,2001.98,2000.00,2.17,0.00
04:12:09.448 [TUNER] 429,1000,1972.53,2000.00,2.30,-0.00,1990.39,2000.00,2.17,0.00
04:12:09.483 [TUNER] 430,1000,1972.53,2000.00,2.42,-0.00,1990.39,2000.00,2.33,0.00
04:12:09.518 [TUNER] 431,1000,1969.62,2000.00,2.47,0.00,2001.17,2000.00,2.19,0.00
04:12:09.519 [TUNER] 432,1000,1985.27,2000.00,2.47,0.00,1993.09,2000.00,2.19,0.00
04:12:09.555 [TUNER] 433,1000,1985.27,2000.00,2.29,0.00,1993.09,2000.00,2.30,0.00
04:12:09.556 [TUNER] 434,1000,1988.82,2000.00,2.25,0.00,1994.13,2000.00,2.29,0.00
04:12:09.589 [TUNER] 435,1000,1993.97,2000.00,2.25,0.00,2014.19,2000.00,2.29,0.00
04:12:09.589 [TUNER] 436,1000,1993.97,2000.00,2.19,0.00,2014.19,2000.00,2.01,0.00
04:12:09.622 [TUNER] 437,1000,2012.99,2000.00,1.95,0.00,2011.41,2000.00,2.04,0.00
04:12:09.658 [TUNER] 438,1000,2007.16,2000.00,1.95,0.00,2016.02,2000.00,2.04,0.00
04:12:09.658 [TUNER] 439,1000,2007.16,2000.00,2.02,0.00,2016.02,2000.00,1.97,-0.00
04:12:09.693 [TUNER] 440,1000,2006.80,2000.00,2.02,0.00,2030.25,2000.00,1.76,-0.00
04:12:09.693 [TUNER] 441,1000,2018.73,2000.00,2.02,0.00,2010.69,2000.00,1.76,-0.00
04:12:09.726 [TUNER] 442,1000,2018.73,2000.00,1.86,-0.00,2010.69,2000.00,2.01,-0.00
04:12:09.763 [TUNER] 443,1000,2000.01,2000.00,2.09,-0.00,2009.98,2000.00,2.01,-0.00
04:12:09.763 [TUNER] 444,1000,1978.33,2000.00,2.09,-0.00,2009.59,2000.00,2.01,-0.00
04:12:09.798 [TUNER] 445,1000,1978.33,2000.00,2.37,0.00,2009.59,2000.00,2.01,-0.00
04:12:09.798 [TUNER] 446,1000,1987.73,2000.00,2.26,0.00,1994.37,2000.00,2.22,-0.00
04:12:09.834 [TUNER] 447,1000,2001.57,2000.00,2.26,0.00,2000.69,2000.00,2.22,-0.00
04:12:09.836 [TUNER] 448,1000,2001.57,2000.00,2.09,0.00,2000.69,2000.00,2.13,-0.00
04:12:09.871 [TUNER] 449,1000,2020.69,2000.00,1.84,0.00,2005.27,2000.00,2.07,-0.00
04:12:09.906 [TUNER] 450,1000,2038.09,2000.00,1.84,0.00,1988.21,2000.00,2.07,-0.00
04:12:09.907 [TUNER] 451,1000,2038.09,2000.00,1.60,-0.00,1988.21,2000.00,2.31,-0.00
04:12:09.941 [TUNER] 452,1000,2034.64,2000.00,1.62,-0.00,1993.18,2000.00,2.24,-0.00
04:12:09.942 [TUNER] 453,1000,2023.21,2000.00,1.62,-0.00,2003.05,2000.00,2.24,-0.00
04:12:09.972 [TUNER] 454,1000,2023.21,2000.00,1.74,-0.00,2003.05,2000.00,2.11,-0.00
04:12:10.009 [TUNER] 455,1000,2016.09,2000.00,1.82,-0.00,2003.96,2000.00,2.09,-0.00
04:12:10.010 [TUNER] 456,1000,1999.66,2000.00,1.82,-0.00,2016.18,2000.00,2.09,-0.00
04:12:10.042 [TUNER] 457,1000,1999.66,2000.00,2.03,-0.00,2016.18,2000.00,1.92,-0.00
04:12:10.043 [TUNER] 458,1000,1984.57,2000.00,2.22,-0.00,2019.21,2000.00,1.87,-0.00
04:12:10.076 [TUNER] 459,1000,1974.72,2000.00,2.22,-0.00,2009.33,2000.00,1.87,-0.00
04:12:10.112 [TUNER] 460,1000,1974.72,2000.00,2.36,-0.00,2009.33,2000.00,1.99,-0.00
04:12:10.113 [TUNER] 461,1000,1965.56,2000.00,2.49,-0.00,2019.93,2000.00,1.84,-0.00
04:12:10.149 [TUNER] 462,1000,1950.76,2000.00,2.49,-0.00,2021.98,2000.00,1.84,-0.00
04:12:10.150 [TUNER] 463,1000,1950.76,2000.00,2.72,0.00,2021.98,2000.00,1.79,-0.00
04:12:10.183 [TUNER] 464,1000,1960.34,2000.00,2.62,0.00,2009.82,2000.00,1.95,-0.00
04:12:10.183 [TUNER] 465,1000,1966.63,2000.00,2.62,0.00,2014.59,2000.00,1.95,-0.00
04:12:10.217 [TUNER] 466,1000,1966.63,2000.00,2.57,0.00,2014.59,2000.00,1.87,-0.00
04:12:10.253 [TUNER] 467,1000,1989.24,2000.00,2.29,0.00,2004.03,2000.00,2.01,-0.00
04:12:10.256 [TUNER] 468,1000,2020.07,2000.00,2.29,0.00,1987.09,2000.00,2.01,-0.00
04:12:10.289 [TUNER] 469,1000,2020.07,2000.00,1.90,0.00,1987.09,2000.00,2.25,-0.00
04:12:10.290 [TUNER] 470,1000,2021.00,2000.00,1.87,0.00,1988.73,2000.00,2.23,-0.00
04:12:10.322 [TUNER] 471,1000,2019.51,2000.00,1.87,0.00,1980.18,2000.00,2.23,-0.00
04:12:10.357 [TUNER] 472,1000,2019.51,2000.00,1.88,0.00,1980.18,2000.00,2.36,-0.00
04:12:10.358 [TUNER] 473,1000,2008.46,2000.00,2.01,0.00,1965.32,2000.00,2.58,-0.00
04:12:10.392 [TUNER] 474,1000,1979.07,2000.00,2.01,0.00,1971.12,2000.00,2.58,-0.00
04:12:10.427 [TUNER] 475,1000,1979.07,2000.00,2.39,0.00,1971.12,2000.00,2.53,-0.00
04:12:10.427 [TUNER] 476,1000,1972.92,2000.00,2.48,0.00,1973.50,2000.00,2.51,-0.00
04:12:10.464 [TUNER] 477,1000,1981.38,2000.00,2.48,0.00,1956.18,2000.00,2.51,-0.00
04:12:10.465 [TUNER] 478,1000,1981.38,2000.00,2.39,0.00,1956.18,2000.00,2.78,0.00
04:12:10.497 [TUNER] 479,1000,1970.70,2000.00,2.54,0.00,1962.64,2000.00,2.72,0.00
04:12:10.498 [TUNER] 480,1000,1960.53,2000.00,2.54,0.00,1963.56,2000.00,2.72,0.00
04:12:10.534 [TUNER] 481,1000,1960.53,2000.00,2.69,0.00,1963.56,2000.00,2.74,0.00
04:12:10.534 [TUNER] 482,1000,1961.39,2000.00,2.71,0.00,1949.50,2000.00,2.95,0.00
04:12:10.568 [TUNER] 483,1000,1952.14,2000.00,2.71,0.00,1958.59,2000.00,2.95,0.00
04:12:10.601 [TUNER] 484,1000,1952.14,2000.00,2.86,0.00,1958.59,2000.00,2.87,0.00
04:12:10.604 [TUNER] 485,1000,1964.16,2000.00,2.73,0.00,1968.24,2000.00,2.76,0.00
04:12:10.637 [TUNER] 486,1000,1980.36,2000.00,2.73,0.00,1961.74,2000.00,2.76,0.00
04:12:10.639 [TUNER] 487,1000,1980.36,2000.00,2.54,0.00,1961.74,2000.00,2.88,0.00
04:12:10.672 [TUNER] 488,1000,1977.52,2000.00,2.59,0.00,1983.98,2000.00,2.59,0.00
04:12:10.709 [TUNER] 489,1000,1992.38,2000.00,2.59,0.00,1981.05,2000.00,2.59,0.00
04:12:10.710 [TUNER] 490,1000,1992.38,2000.00,2.41,0.00,1981.05,2000.00,2.64,0.00
04:12:10.743 [TUNER] 491,1000,2002.10,2000.00,2.29,0.00,1971.26,2000.00,2.79,0.00
04:12:10.743 [TUNER] 492,1000,2007.64,2000.00,2.29,0.00,1979.89,2000.00,2.79,0.00
04:12:10.777 [TUNER] 493,1000,2007.64,2000.00,2.22,0.00,1979.89,2000.00,2.69,0.00
04:12:10.811 [TUNER] 494,1000,2011.53,2000.00,2.16,0.00,1970.22,2000.00,2.84,0.00
04:12:10.812 [TUNER] 495,1000,2000.70,2000.00,2.16,0.00,1946.37,2000.00,2.84,0.00
04:12:10.848 [TUNER] 496,1000,2000.70,2000.00,2.30,0.00,1946.37,2000.00,3.20,0.00
04:12:10.849 [TUNER] 497,1000,1973.47,2000.00,2.65,0.00,1949.51,2000.00,3.19,0.00
04:12:10.883 [TUNER] 498,1000,1963.02,2000.00,2.65,0.00,1962.03,2000.00,3.19,0.00
04:12:10.883 [TUNER] 499,1000,1963.02,2000.00,2.81,0.00,1962.03,2000.00,3.06,0.00
04:12:10.917 [TUNER] 500,1000,1960.19,2000.00,2.86,0.00,1959.30,2000.00,3.12,0.00
04:12:10.953 [TUNER] 501,1000,1954.50,2000.00,2.86,0.00,1975.99,2000.00,3.12,0.00
04:12:10.954 [TUNER] 502,1000,1954.50,2000.00,2.97,0.00,1975.99,2000.00,2.91,0.00
04:12:10.987 [TUNER] 503,1000,1979.18,2000.00,2.68,0.00,1984.76,2000.00,2.81,0.00
04:12:10.992 [TUNER] 504,1000,1995.59,2000.00,2.68,0.00,1980.04,2000.00,2.81,0.00
04:12:11.022 [TUNER] 505,1000,1995.59,2000.00,2.48,0.00,1980.04,2000.00,2.89,0.00
04:12:11.056 [TUNER] 506,1000,1987.78,2000.00,2.58,0.00,2007.32,2000.00,2.52,0.00
04:12:11.057 [TUNER] 507,1000,1999.91,2000.00,2.58,0.00,2003.77,2000.00,2.52,0.00
04:12:11.092 [TUNER] 508,1000,1999.91,2000.00,2.43,0.00,2003.77,2000.00,2.56,0.00
04:12:11.092 [TUNER] 509,1000,2021.77,2000.00,2.15,0.00,2006.33,2000.00,2.52,0.00
04:12:11.127 [TUNER] 510,1000,2040.78,2000.00,2.15,0.00,2028.60,2000.00,2.52,0.00
04:12:11.161 [TUNER] 511,1000,2040.78,2000.00,1.88,0.00,2028.60,2000.00,2.20,0.00
04:12:11.162 [TUNER] 512,1000,2059.41,2000.00,1.62,0.00,2013.20,2000.00,2.40,0.00
04:12:11.198 [TUNER] 513,1000,2054.08,2000.00,1.62,0.00,2009.06,2000.00,2.40,0.00
04:12:11.198 [TUNER] 514,1000,2054.08,2000.00,1.64,0.00,2009.06,2000.00,2.45,0.00
04:12:11.235 [TUNER] 515,1000,2044.73,2000.00,1.73,0.00,2015.39,2000.00,2.35,0.00
04:12:11.267 [TUNER] 516,1000,2042.58,2000.00,1.73,0.00,1999.03,2000.00,2.35,0.00
04:12:11.268 [TUNER] 517,1000,2042.58,2000.00,1.73,0.00,1999.03,2000.00,2.57,0.00
04:12:11.305 [TUNER] 518,1000,2023.20,2000.00,1.95,0.00,1997.76,2000.00,2.59,0.00
04:12:11.305 [TUNER] 519,1000,2014.63,2000.00,1.95,0.00,2022.60,2000.00,2.59,0.00
04:12:11.340 [TUNER] 520,1000,2014.63,2000.00,2.05,0.00,2022.60,2000.00,2.24,0.00
04:12:11.340 [TUNER] 521,1000,2015.24,2000.00,2.03,0.00,2014.67,2000.00,2.34,0.00
04:12:11.373 [TUNER] 522,1000,1997.18,2000.00,2.03,0.00,2027.54,2000.00,2.34,0.00
04:12:11.407 [TUNER] 523,1000,1997.18,2000.00,2.26,0.00,2027.54,2000.00,2.14,0.00
04:12:11.408 [TUNER] 524,1000,1990.08,2000.00,2.35,0.00,2033.73,2000.00,2.04,0.00
04:12:11.442 [TUNER] 525,1000,1991.68,2000.00,2.35,0.00,2020.69,2000.00,2.04,0.00
04:12:11.442 [TUNER] 526,1000,1991.68,2000.00,2.34,0.00,2020.69,2000.00,2.20,0.00
04:12:11.476 [TUNER] 527,1000,1983.41,2000.00,2.45,0.00,2033.59,2000.00,2.00,0.00
04:12:11.512 [TUNER] 528,1000,1978.82,2000.00,2.45,0.00,2047.99,2000.00,2.00,0.00
04:12:11.512 [TUNER] 529,1000,1978.82,2000.00,2.52,0.00,2047.99,2000.00,1.77,0.00
04:12:11.547 [TUNER] 530,1000,1988.17,2000.00,2.41,0.00,2033.22,2000.00,1.95,0.00
04:12:11.547 [TUNER] 531,1000,1974.54,2000.00,2.41,0.00,2040.80,2000.00,1.95,0.00
04:12:11.586 [TUNER] 532,1000,1974.54,2000.00,2.60,0.00,2040.80,2000.00,1.81,0.00
04:12:11.618 [TUNER] 533,1000,1962.82,2000.00,2.77,0.00,2041.37,2000.00,1.78,0.00
04:12:11.618 [TUNER] 534,1000,1963.72,2000.00,2.77,0.00,2018.99,2000.00,1.78,0.00
04:12:11.652 [TUNER] 535,1000,1963.72,2000.00,2.78,0.00,2018.99,2000.00,2.06,0.00
04:12:11.653 [TUNER] 536,1000,1960.82,2000.00,2.84,0.00,2019.16,2000.00,2.05,0.00
04:12:11.688 [TUNER] 537,1000,1965.35,2000.00,2.84,0.00,2007.57,2000.00,2.05,0.00
04:12:11.689 [TUNER] 538,1000,1965.35,2000.00,2.81,0.00,2007.57,2000.00,2.20,0.00
04:12:11.723 [TUNER] 539,1000,1988.09,2000.00,2.54,0.00,1988.25,2000.00,2.46,0.00
04:12:11.757 [TUNER] 540,1000,1979.60,2000.00,2.54,0.00,1996.90,2000.00,2.46,0.00
04:12:11.758 [TUNER] 541,1000,1979.60,2000.00,2.66,0.00,1996.90,2000.00,2.35,0.00
04:12:11.793 [TUNER] 542,1000,1966.52,2000.00,2.84,0.00,1993.26,2000.00,2.40,0.00
04:12:11.794 [TUNER] 543,1000,1975.62,2000.00,2.84,0.00,1968.83,2000.00,2.40,0.00
04:12:11.829 [TUNER] 544,1000,1975.62,2000.00,2.74,0.00,1968.83,2000.00,2.76,0.00
04:12:11.862 [TUNER] 545,1000,1981.85,2000.00,2.68,0.00,1978.32,2000.00,2.64,0.00
04:12:11.863 [TUNER] 546,1000,2020.29,2000.00,2.68,0.00,1993.10,2000.00,2.64,0.00
04:12:11.898 [TUNER] 547,1000,2020.29,2000.00,2.19,0.00,1993.10,2000.00,2.45,0.00
04:12:11.898 [TUNER] 548,1000,2046.13,2000.00,1.84,0.00,1973.51,2000.00,2.73,0.00
04:12:11.932 [TUNER] 549,1000,2060.99,2000.00,1.84,0.00,1985.34,2000.00,2.73,0.00
04:12:11.968 [TUNER] 550,1000,2060.99,2000.00,1.61,0.00,1985.34,2000.00,2.58,0.00
04:12:11.968 [TUNER] 551,1000,2092.22,2000.00,1.17,0.00,1994.04,2000.00,2.47,0.00
04:12:12.005 [TUNER] 552,1000,2085.32,2000.00,1.17,0.00,1981.53,2000.00,2.47,0.00
04:12:12.007 [TUNER] 553,1000,2085.32,2000.00,1.19,0.00,1981.53,2000.00,2.65,0.00
04:12:12.036 [TUNER] 554,1000,2075.43,2000.00,1.27,0.00,1988.89,2000.00,2.56,0.00
04:12:12.072 [TUNER] 555,1000,2094.21,2000.00,1.27,0.00,1994.04,2000.00,2.56,0.00
04:12:12.074 [TUNER] 556,1000,2094.21,2000.00,0.97,0.00,1994.04,2000.00,2.50,0.00
04:12:12.108 [TUNER] 557,1000,2074.83,2000.00,1.16,-0.00,1993.27,2000.00,2.51,0.00
04:12:12.143 [TUNER] 558,1000,2025.09,2000.00,1.16,-0.00,2023.71,2000.00,2.51,0.00
04:12:12.144 [TUNER] 559,1000,2025.09,2000.00,1.76,-0.00,2023.71,2000.00,2.08,0.00
04:12:12.144 [TUNER] 560,1000,2016.06,2000.00,1.86,-0.00,2028.57,2000.00,2.00,0.00
04:12:12.176 [TUNER] 561,1000,1994.49,2000.00,1.86,-0.00,2028.04,2000.00,2.00,0.00
04:12:12.211 [TUNER] 562,1000,1994.49,2000.00,2.13,-0.00,2028.04,2000.00,1.99,0.00
04:12:12.211 [TUNER] 563,1000,1995.39,2000.00,2.12,-0.00,2046.23,2000.00,1.71,0.00
04:12:12.248 [TUNER] 564,1000,2017.04,2000.00,2.12,-0.00,2018.21,2000.00,1.71,0.00
04:12:12.248 [TUNER] 565,1000,2017.04,2000.00,1.84,-0.00,2018.21,2000.00,2.07,0.00
04:12:12.282 [TUNER] 566,1000,2004.51,2000.00,2.00,-0.00,2012.44,2000.00,2.14,0.00
04:12:12.317 [TUNER] 567,1000,1953.23,2000.00,2.00,-0.00,2020.38,2000.00,2.14,0.00
04:12:12.320 [TUNER] 568,1000,1953.23,2000.00,2.67,-0.00,2020.38,2000.00,2.02,0.00
04:12:12.353 [TUNER] 569,1000,1947.95,2000.00,2.76,0.00,2010.10,2000.00,2.15,0.00
04:12:12.353 [TUNER] 570,1000,1936.62,2000.00,2.76,0.00,2001.13,2000.00,2.15,0.00
04:12:12.389 [TUNER] 571,1000,1936.62,2000.00,2.95,0.00,2001.13,2000.00,2.27,0.00
04:12:12.423 [TUNER] 572,1000,1937.29,2000.00,2.98,0.00,2009.11,2000.00,2.16,0.00
04:12:12.423 [TUNER] 573,1000,1992.18,2000.00,2.98,0.00,1998.52,2000.00,2.16,0.00
04:12:12.457 [TUNER] 574,1000,1992.18,2000.00,2.30,0.00,1998.52,2000.00,2.30,0.00
04:12:12.457 [TUNER] 575,1000,2030.29,2000.00,1.82,0.00,2000.74,2000.00,2.27,0.00
04:12:12.492 [TUNER] 576,1000,2039.88,2000.00,1.82,0.00,2018.43,2000.00,2.27,0.00
04:12:12.493 [TUNER] 577,1000,2039.88,2000.00,1.67,0.00,2018.43,2000.00,2.02,0.00
04:12:12.527 [TUNER] 578,1000,2063.76,2000.00,1.34,0.00,2006.62,2000.00,2.17,0.00
04:12:12.562 [TUNER] 579,1000,2064.85,2000.00,1.34,0.00,2003.14,2000.00,2.17,0.00
04:12:12.563 [TUNER] 580,1000,2064.85,2000.00,1.27,-0.00,2003.14,2000.00,2.22,0.00
04:12:12.597 [TUNER] 581,1000,2065.60,2000.00,1.23,-0.00,2016.94,2000.00,2.02,0.00
04:12:12.597 [TUNER] 582,1000,2052.80,2000.00,1.23,-0.00,1986.71,2000.00,2.02,0.00
04:12:12.633 [TUNER] 583,1000,2052.80,2000.00,1.34,-0.00,1986.71,2000.00,2.44,0.00
04:12:12.668 [TUNER] 584,1000,2016.05,2000.00,1.79,-0.00,1984.09,2000.00,2.48,0.00
04:12:12.668 [TUNER] 585,1000,1980.77,2000.00,1.79,-0.00,1993.15,2000.00,2.48,0.00
04:12:12.706 [TUNER] 586,1000,1980.77,2000.00,2.24,-0.00,1993.15,2000.00,2.37,0.00
04:12:12.708 [TUNER] 587,1000,1960.69,2000.00,2.51,-0.00,1977.85,2000.00,2.59,0.00
04:12:12.736 [TUNER] 588,1000,1942.94,2000.00,2.51,-0.00,1973.82,2000.00,2.59,0.00
04:12:12.772 [TUNER] 589,1000,1942.94,2000.00,2.77,-0.00,1973.82,2000.00,2.66,0.00
04:12:12.773 [TUNER] 590,1000,1949.00,2000.00,2.73,0.00,1986.25,2000.00,2.50,0.00
04:12:12.808 [TUNER] 591,1000,1968.43,2000.00,2.73,0.00,1976.24,2000.00,2.50,0.00
04:12:12.808 [TUNER] 592,1000,1968.43,2000.00,2.51,0.00,1976.24,2000.00,2.66,0.00
04:12:12.841 [TUNER] 593,1000,1980.54,2000.00,2.37,0.00,1997.02,2000.00,2.38,0.00
04:12:12.842 [TUNER] 594,1000,1996.81,2000.00,2.37,0.00,2018.51,2000.00,2.38,0.00
04:12:12.877 [TUNER] 595,1000,1996.81,2000.00,2.17,0.00,2018.51,2000.00,2.08,0.00
04:12:12.912 [TUNER] 596,1000,2020.70,2000.00,1.87,0.00,2017.87,2000.00,2.08,0.00
04:12:12.912 [TUNER] 597,1000,2036.39,2000.00,1.87,0.00,2030.41,2000.00,2.08,0.00
04:12:12.946 [TUNER] 598,1000,2036.39,2000.00,1.65,0.00,2030.41,2000.00,1.88,0.00
04:12:12.947 [TUNER] 599,1000,2063.20,2000.00,1.28,-0.00,2023.43,2000.00,1.96,0.00
04:12:12.981 [TUNER] 600,1000,2045.49,2000.00,1.28,-0.00,2011.41,2000.00,1.96,0.00
04:12:13.018 [TUNER] 601,1000,2045.49,2000.00,1.46,-0.00,2011.41,2000.00,2.11,0.00
04:12:13.018 [TUNER] 602,1000,2011.20,2000.00,1.88,-0.00,2020.94,2000.00,1.97,0.00
04:12:13.055 [TUNER] 603,1000,1990.12,2000.00,1.88,-0.00,2004.03,2000.00,1.97,0.00
04:12:13.057 [TUNER] 604,1000,1990.12,2000.00,2.15,-0.00,2004.03,2000.00,2.20,0.00
04:12:13.090 [TUNER] 605,1000,1966.52,2000.00,2.46,-0.00,1982.48,2000.00,2.49,0.00
04:12:13.125 [TUNER] 606,1000,1943.05,2000.00,2.46,-0.00,1988.27,2000.00,2.49,0.00
04:12:13.126 [TUNER] 607,1000,1943.05,2000.00,2.79,-0.00,1988.27,2000.00,2.43,0.00
04:12:13.157 [TUNER] 608,1000,1953.40,2000.00,2.69,0.00,1985.50,2000.00,2.47,0.00
04:12:13.158 [TUNER] 609,1000,1970.67,2000.00,2.69,0.00,1972.13,2000.00,2.47,0.00
04:12:13.192 [TUNER] 610,1000,1970.67,2000.00,2.50,0.00,1972.13,2000.00,2.67,0.00
04:12:13.227 [TUNER] 611,1000,1968.80,2000.00,2.54,0.00,1986.45,2000.00,2.49,0.00
04:12:13.228 [TUNER] 612,1000,1974.24,2000.00,2.54,0.00,1986.70,2000.00,2.49,0.00
04:12:13.262 [TUNER] 613,1000,1974.24,2000.00,2.49,0.00,1986.70,2000.00,2.50,0.00
04:12:13.262 [TUNER] 614,1000,1972.87,2000.00,2.53,0.00,1981.51,2000.00,2.58,0.00
04:12:13.299 [TUNER] 615,1000,1971.05,2000.00,2.53,0.00,2002.83,2000.00,2.58,0.00
04:12:13.300 [TUNER] 616,1000,1971.05,2000.00,2.57,0.00,2002.83,2000.00,2.29,0.00
04:12:13.332 [TUNER] 617,1000,1973.44,2000.00,2.56,0.00,2002.04,2000.00,2.30,0.00
04:12:13.368 [TUNER] 618,1000,1975.00,2000.00,2.56,0.00,1992.16,2000.00,2.30,0.00
04:12:13.368 [TUNER] 619,1000,1975.00,2000.00,2.56,0.00,1992.16,2000.00,2.44,0.00
04:12:13.405 [TUNER] 620,1000,1963.23,2000.00,2.72,0.00,2007.06,2000.00,2.24,0.00
04:12:13.406 [TUNER] 621,1000,1962.38,2000.00,2.72,0.00,1989.82,2000.00,2.24,0.00
04:12:13.438 [TUNER] 622,1000,1962.38,2000.00,2.76,0.00,1989.82,2000.00,2.48,0.00
04:12:13.474 [TUNER] 623,1000,1967.35,2000.00,2.72,0.00,1982.59,2000.00,2.58,0.00
04:12:13.476 [TUNER] 624,1000,1964.37,2000.00,2.72,0.00,1998.66,2000.00,2.58,0.00
04:12:13.507 [TUNER] 625,1000,1964.37,2000.00,2.78,0.00,1998.66,2000.00,2.37,0.00
04:12:13.508 [TUNER] 626,1000,1988.93,2000.00,2.49,0.00,1990.55,2000.00,2.48,0.00
04:12:13.542 [TUNER] 627,1000,2007.79,2000.00,2.49,0.00,1986.96,2000.00,2.48,0.00
04:12:13.577 [TUNER] 628,1000,2007.79,2000.00,2.25,0.00,1986.96,2000.00,2.54,0.00
04:12:13.578 [TUNER] 629,1000,2015.96,2000.00,2.14,0.00,2001.52,2000.00,2.35,0.00
04:12:13.612 [TUNER] 630,1000,2030.41,2000.00,2.14,0.00,1986.55,2000.00,2.35,0.00
04:12:13.612 [TUNER] 631,1000,2030.41,2000.00,1.93,0.00,1986.55,2000.00,2.56,0.00
04:12:13.646 [TUNER] 632,1000,2029.44,2000.00,1.93,0.00,1983.95,2000.00,2.60,0.00
04:12:13.683 [TUNER] 633,1000,1997.96,2000.00,1.93,0.00,2006.74,2000.00,2.60,0.00
04:12:13.684 [TUNER] 634,1000,1997.96,2000.00,2.32,0.00,2006.74,2000.00,2.29,0.00
04:12:13.718 [TUNER] 635,1000,1971.86,2000.00,2.66,0.00,1998.68,2000.00,2.40,0.00
04:12:13.720 [TUNER] 636,1000,1971.86,2000.00,2.66,0.00,2001.14,2000.00,2.40,0.00
04:12:13.753 [TUNER] 637,1000,1971.86,2000.00,2.68,0.00,2001.14,2000.00,2.37,0.00
04:12:13.754 [TUNER] 638,1000,1969.01,2000.00,2.73,0.00,2016.00,2000.00,2.16,0.00
04:12:13.788 [TUNER] 639,1000,1979.58,2000.00,2.73,0.00,2006.43,2000.00,2.16,0.00
04:12:13.824 [TUNER] 640,1000,1979.58,2000.00,2.62,0.00,2006.43,2000.00,2.28,0.00
04:12:13.827 [TUNER] 641,1000,1988.85,2000.00,2.51,0.00,2000.13,2000.00,2.37,0.00
04:12:13.858 [TUNER] 642,1000,2006.01,2000.00,2.51,0.00,2009.30,2000.00,2.37,0.00
04:12:13.858 [TUNER] 643,1000,2006.01,2000.00,2.29,0.00,2009.30,2000.00,2.24,0.00
04:12:13.892 [TUNER] 644,1000,2035.86,2000.00,1.90,0.00,2001.84,2000.00,2.33,0.00
04:12:13.892 [TUNER] 645,1000,2043.17,2000.00,1.90,0.00,2005.70,2000.00,2.33,0.00
04:12:13.926 [TUNER] 646,1000,2043.17,2000.00,1.78,0.00,2005.70,2000.00,2.28,0.00
04:12:13.965 [TUNER] 647,1000,2036.63,2000.00,1.84,0.00,2011.50,2000.00,2.19,0.00
04:12:13.966 [TUNER] 648,1000,2042.15,2000.00,1.84,0.00,1990.39,2000.00,2.19,0.00
04:12:13.997 [TUNER] 649,1000,2042.15,2000.00,1.74,0.00,1990.39,2000.00,2.48,0.00
04:12:13.998 [TUNER] 650,1000,2037.43,2000.00,1.78,0.00,1990.84,2000.00,2.48,0.00
04:12:14.032 [TUNER] 651,1000,2029.16,2000.00,1.78,0.00,2011.23,2000.00,2.48,0.00
04:12:14.068 [TUNER] 652,1000,2029.16,2000.00,1.86,0.00,2011.23,2000.00,2.20,0.00
04:12:14.068 [TUNER] 653,1000,2015.42,2000.00,2.02,0.00,1994.99,2000.00,2.42,0.00
04:12:14.102 [TUNER] 654,1000,1988.77,2000.00,2.02,0.00,2006.39,2000.00,2.42,0.00
04:12:14.105 [TUNER] 655,1000,1988.77,2000.00,2.36,0.00,2006.39,2000.00,2.26,0.00
04:12:14.139 [TUNER] 656,1000,1982.50,2000.00,2.44,0.00,2006.96,2000.00,2.25,0.00
04:12:14.173 [TUNER] 657,1000,1983.15,2000.00,2.44,0.00,1994.87,2000.00,2.25,0.00
04:12:14.174 [TUNER] 658,1000,1983.15,2000.00,2.45,0.00,1994.87,2000.00,2.42,0.00
04:12:14.208 [TUNER] 659,1000,1973.15,2000.00,2.59,0.00,2006.92,2000.00,2.25,0.00
04:12:14.208 [TUNER] 660,1000,1976.45,2000.00,2.59,0.00,2022.27,2000.00,2.25,0.00
04:12:14.242 [TUNER] 661,1000,1976.45,2000.00,2.56,0.00,2022.27,2000.00,2.03,0.00
04:12:14.242 [TUNER] 662,1000,1998.94,2000.00,2.29,0.00,2015.24,2000.00,2.11,0.00
04:12:14.277 [TUNER] 663,1000,1999.65,2000.00,2.29,0.00,2028.04,2000.00,2.11,0.00
04:12:14.312 [TUNER] 664,1000,1999.65,2000.00,2.28,0.00,2028.04,2000.00,1.92,0.00
04:12:14.313 [TUNER] 665,1000,2012.08,2000.00,2.12,0.00,2022.15,2000.00,1.98,0.00
04:12:14.348 [TUNER] 666,1000,2029.91,2000.00,2.12,0.00,2003.04,2000.00,1.98,0.00
04:12:14.349 [TUNER] 667,1000,2029.91,1990.99,1.75,0.00,2003.04,1990.99,2.10,0.00
04:12:14.383 [TUNER] 668,1000,2022.21,1981.98,1.70,0.00,2004.05,1981.98,1.94,0.00
04:12:14.418 [TUNER] 669,1000,2029.38,1972.97,1.70,0.00,2002.74,1972.97,1.94,0.00
04:12:14.419 [TUNER] 670,1000,2029.38,1963.96,1.32,0.00,2002.74,1963.96,1.67,0.00
04:12:14.457 [TUNER] 671,1000,2011.23,1954.95,1.39,0.00,1976.94,1954.95,1.87,0.00
04:12:14.457 [TUNER] 672,1000,1978.31,1945.95,1.39,0.00,1976.62,1945.95,1.87,0.00
04:12:14.488 [TUNER] 673,1000,1978.31,1936.94,1.53,0.00,1976.62,1936.94,1.59,-0.00
04:12:14.524 [TUNER] 674,1000,1958.38,1927.93,1.63,-0.00,1969.76,1927.93,1.52,-0.00
04:12:14.526 [TUNER] 675,1000,1942.76,1918.92,1.63,-0.00,1947.85,1918.92,1.52,-0.00
04:12:14.558 [TUNER] 676,1000,1942.76,1909.91,1.56,-0.00,1947.85,1909.91,1.53,-0.00
04:12:14.560 [TUNER] 677,1000,1913.50,1900.90,1.80,-0.00,1944.72,1900.90,1.41,-0.00
04:12:14.592 [TUNER] 678,1000,1912.66,1891.89,1.80,-0.00,1947.63,1891.89,1.41,-0.00
04:12:14.628 [TUNER] 679,1000,1912.66,1882.88,1.54,-0.00,1947.63,1882.88,1.06,-0.00
04:12:14.628 [TUNER] 680,1000,1922.51,1873.87,1.27,-0.00,1931.64,1873.87,1.11,-0.00
04:12:14.663 [TUNER] 681,1000,1919.06,1864.86,1.27,-0.00,1934.14,1864.86,1.11,-0.00
04:12:14.663 [TUNER] 682,1000,1919.06,1855.86,1.03,-0.00,1934.14,1855.86,0.75,-0.00
04:12:14.698 [TUNER] 683,1000,1915.37,1846.85,0.91,-0.00,1938.40,1846.85,0.51,-0.00
04:12:14.699 [TUNER] 684,1000,1921.22,1837.84,0.91,-0.00,1914.48,1837.84,0.51,-0.00
04:12:14.732 [TUNER] 685,1000,1921.22,1828.83,0.53,-0.00,1914.48,1828.83,0.50,-0.00
04:12:14.770 [TUNER] 686,1000,1911.30,1819.82,0.48,-0.00,1894.92,1819.82,0.59,-0.00
04:12:14.770 [TUNER] 687,1000,1872.92,1810.81,0.48,-0.00,1883.93,1810.81,0.59,-0.00
04:12:14.802 [TUNER] 688,1000,1872.92,1801.80,0.66,-0.00,1883.93,1801.80,0.41,-0.00
04:12:14.805 [TUNER] 689,1000,1836.90,1792.79,0.96,-0.00,1845.94,1792.79,0.75,-0.00
04:12:14.837 [TUNER] 690,1000,1775.07,1783.78,0.96,-0.00,1783.21,1783.78,0.75,-0.00
04:12:14.873 [TUNER] 691,1000,1775.07,1774.77,1.48,-0.00,1783.21,1774.77,1.33,-0.00
04:12:14.875 [TUNER] 692,1000,1707.57,1765.77,2.23,-0.00,1745.84,1765.77,1.71,-0.00
04:12:14.909 [TUNER] 693,1000,1648.38,1756.76,2.23,-0.00,1724.01,1756.76,1.71,-0.00
04:12:14.910 [TUNER] 694,1000,1648.38,1747.75,2.79,-0.00,1724.01,1747.75,1.76,-0.00
04:12:14.942 [TUNER] 695,1000,1604.72,1738.74,3.29,-0.00,1700.29,1738.74,1.98,-0.00
04:12:14.978 [TUNER] 696,1000,1621.03,1729.73,3.29,-0.00,1677.87,1729.73,1.98,-0.00
04:12:14.978 [TUNER] 697,1000,1621.03,1720.72,2.92,-0.00,1677.87,1720.72,2.05,-0.00
04:12:15.012 [TUNER] 698,1000,1655.75,1711.71,2.41,-0.00,1670.80,1711.71,2.04,-0.00
04:12:15.013 [TUNER] 699,1000,1713.30,1702.70,2.41,-0.00,1682.22,1702.70,2.04,-0.00
04:12:15.048 [TUNER] 700,1000,1713.30,1693.69,1.44,-0.00,1682.22,1693.69,1.64,-0.00
04:12:15.081 [TUNER] 701,1000,1755.97,1684.68,0.75,-0.00,1685.03,1684.68,1.47,-0.00
04:12:15.082 [TUNER] 702,1000,1770.89,1675.68,0.75,-0.00,1693.31,1675.68,1.47,-0.00
04:12:15.118 [TUNER] 703,1000,1770.89,1666.67,0.25,-0.00,1693.31,1666.67,1.08,-0.00
04:12:15.118 [TUNER] 704,1000,1767.41,1657.66,0.11,-0.00,1709.62,1657.66,0.70,-0.00
04:12:15.152 [TUNER] 705,1000,1764.02,1648.65,0.11,-0.00,1706.86,1648.65,0.70,-0.00
04:12:15.158 [TUNER] 706,1000,1764.02,1639.64,-0.19,-0.00,1706.86,1639.64,0.43,-0.00
04:12:15.187 [TUNER] 707,1000,1741.46,1630.63,-0.09,-0.00,1696.89,1630.63,0.39,-0.00
04:12:15.224 [TUNER] 708,1000,1697.76,1621.62,-0.09,-0.00,1693.69,1621.62,0.39,-0.00
04:12:15.224 [TUNER] 709,1000,1697.76,1612.61,0.14,-0.00,1693.69,1612.61,0.11,-0.00
04:12:15.261 [TUNER] 710,1000,1669.79,1603.60,0.33,-0.00,1676.45,1603.60,0.16,-0.00
04:12:15.265 [TUNER] 711,1000,1646.99,1594.59,0.33,-0.00,1622.08,1594.59,0.16,-0.00
04:12:15.292 [TUNER] 712,1000,1646.99,1585.59,0.32,-0.00,1622.08,1585.59,0.60,-0.00
04:12:15.328 [TUNER] 713,1000,1628.39,1576.58,0.40,-0.00,1575.90,1576.58,1.09,-0.00
04:12:15.328 [TUNER] 714,1000,1606.30,1567.57,0.40,-0.00,1526.44,1567.57,1.09,-0.00
04:12:15.362 [TUNER] 715,1000,1606.30,1558.56,0.40,-0.00,1526.44,1558.56,1.52,-0.00
04:12:15.363 [TUNER] 716,1000,1582.32,1549.55,0.56,-0.00,1534.51,1549.55,1.29,-0.00
04:12:15.398 [TUNER] 717,1000,1564.83,1540.54,0.56,-0.00,1526.95,1540.54,1.29,-0.00
04:12:15.431 [TUNER] 718,1000,1564.83,1531.53,0.51,-0.00,1526.95,1531.53,1.14,-0.00
04:12:15.432 [TUNER] 719,1000,1550.16,1522.52,0.55,-0.00,1534.11,1522.52,0.91,-0.00
04:12:15.467 [TUNER] 720,1000,1513.57,1513.51,0.55,-0.00,1552.34,1513.51,0.91,-0.00
04:12:15.468 [TUNER] 721,1000,1513.57,1504.50,0.76,-0.00,1552.34,1504.50,0.36,-0.00
04:12:15.502 [TUNER] 722,1000,1479.96,1495.50,1.06,-0.00,1566.42,1495.50,0.00,-0.00
04:12:15.502 [TUNER] 723,1000,1441.81,1486.49,1.06,-0.00,1557.38,1486.49,0.00,-0.00
04:12:15.539 [TUNER] 724,1000,1441.81,1477.48,1.32,-0.00,1557.38,1477.48,-0.20,-0.00
04:12:15.541 [TUNER] 725,1000,1415.37,1468.47,1.55,-0.00,1536.58,1468.47,-0.09,-0.00
04:12:15.571 [TUNER] 726,1000,1407.71,1459.46,1.55,-0.00,1527.09,1459.46,-0.09,-0.00
04:12:15.607 [TUNER] 727,1000,1407.71,1450.45,1.44,-0.00,1527.09,1450.45,-0.29,-0.00
04:12:15.608 [TUNER] 728,1000,1406.17,1441.44,1.36,-0.00,1512.76,1441.44,-0.27,-0.00
04:12:15.642 [TUNER] 729,1000,1408.01,1432.43,1.36,-0.00,1478.19,1432.43,-0.27,-0.00
04:12:15.642 [TUNER] 730,1000,1408.01,1423.42,1.11,-0.00,1478.19,1423.42,-0.11,-0.00
04:12:15.677 [TUNER] 731,1000,1423.63,1414.41,0.79,-0.00,1443.82,1414.41,0.20,-0.00
04:12:15.677 [TUNER] 732,1000,1446.04,1405.41,0.79,-0.00,1419.58,1405.41,0.20,-0.00
04:12:15.711 [TUNER] 733,1000,1446.04,1396.40,0.23,-0.00,1419.58,1396.40,0.25,-0.00
04:12:15.746 [TUNER] 734,1000,1453.56,1387.39,-0.02,-0.00,1397.95,1387.39,0.40,-0.00
04:12:15.747 [TUNER] 735,1000,1462.67,1378.38,-0.02,-0.00,1393.75,1378.38,0.40,-0.00
04:12:15.781 [TUNER] 736,1000,1462.67,1369.37,-0.44,-0.00,1393.75,1369.37,0.18,-0.00
04:12:15.782 [TUNER] 737,1000,1464.23,1360.36,-0.64,-0.00,1379.85,1360.36,0.22,-0.00
04:12:15.817 [TUNER] 738,1000,1439.67,1351.35,-0.64,-0.00,1365.44,1351.35,0.22,-0.00
04:12:15.818 [TUNER] 739,1000,1439.67,1342.34,-0.65,-0.00,1365.44,1342.34,0.14,-0.00
04:12:15.852 [TUNER] 740,1000,1408.29,1333.33,-0.43,-0.00,1374.15,1333.33,-0.13,-0.00
04:12:15.888 [TUNER] 741,1000,1375.59,1324.32,-0.43,-0.00,1374.04,1324.32,-0.13,-0.00
04:12:15.890 [TUNER] 742,1000,1375.59,1315.32,-0.31,-0.00,1374.04,1315.32,-0.44,-0.00
04:12:15.922 [TUNER] 743,1000,1347.18,1306.31,-0.10,-0.00,1377.59,1306.31,-0.66,-0.00
04:12:15.923 [TUNER] 744,1000,1334.33,1297.30,-0.10,-0.00,1359.97,1297.30,-0.66,-0.00
04:12:15.958 [TUNER] 745,1000,1334.33,1288.29,-0.22,-0.00,1359.97,1288.29,-0.74,-0.00
04:12:15.959 [TUNER] 746,1000,1315.20,1279.28,-0.13,-0.00,1344.30,1279.28,-0.70,-0.00
04:12:15.992 [TUNER] 747,1000,1295.24,1270.27,-0.13,-0.00,1335.16,1270.27,-0.70,-0.00
04:12:16.027 [TUNER] 748,1000,1295.24,1261.26,-0.15,-0.00,1335.16,1261.26,-0.90,-0.00
04:12:16.028 [TUNER] 749,1000,1279.17,1252.25,-0.08,-0.00,1320.25,1252.25,-0.87,-0.00
04:12:16.064 [TUNER] 750,1000,1271.39,1243.24,-0.08,-0.00,1289.49,1243.24,-0.87,-0.00
04:12:16.064 [TUNER] 751,1000,1271.39,1234.23,-0.26,-0.00,1289.49,1234.23,-0.76,-0.00
04:12:16.097 [TUNER] 752,1000,1255.13,1225.23,-0.19,-0.00,1233.60,1225.23,-0.15,-0.00
04:12:16.098 [TUNER] 753,1000,1234.31,1216.22,-0.19,-0.00,1187.47,1216.22,-0.15,-0.00
04:12:16.133 [TUNER] 754,1000,1234.31,1207.21,-0.20,-0.00,1187.47,1207.21,0.23,-0.00
04:12:16.170 [TUNER] 755,1000,1218.31,1198.20,-0.13,-0.00,1159.83,1198.20,0.49,-0.00
04:12:16.174 [TUNER] 756,1000,1216.62,1189.19,-0.13,-0.00,1148.54,1189.19,0.49,-0.00
04:12:16.201 [TUNER] 757,1000,1216.62,1180.18,-0.38,-0.00,1148.54,1180.18,0.41,-0.00
04:12:16.203 [TUNER] 758,1000,1217.86,1171.17,-0.54,-0.00,1145.42,1171.17,0.34,-0.00
04:12:16.237 [TUNER] 759,1000,1236.82,1162.16,-0.54,-0.00,1147.59,1162.16,0.34,-0.00
04:12:16.239 [TUNER] 760,1000,1236.82,1153.15,-1.08,-0.00,1147.59,1153.15,0.05,-0.00
04:12:16.272 [TUNER] 761,1000,1254.95,1144.14,-1.49,-0.00,1141.12,1144.14,0.01,-0.00
04:12:16.306 [TUNER] 762,1000,1247.88,1135.14,-1.49,-0.00,1140.29,1135.14,0.01,-0.00
04:12:16.307 [TUNER] 763,1000,1247.88,1126.13,-1.73,-0.00,1140.29,1126.13,-0.25,-0.00
04:12:16.343 [TUNER] 764,1000,1235.68,1117.12,-1.77,-0.00,1149.16,1117.12,-0.51,-0.00
04:12:16.343 [TUNER] 765,1000,1203.08,1108.11,-1.77,-0.00,1147.52,1108.11,-0.51,-0.00
04:12:16.378 [TUNER] 766,1000,1203.08,1099.10,-1.69,-0.00,1147.52,1099.10,-0.79,-0.00
04:12:16.378 [TUNER] 767,1000,1151.53,1090.09,-1.21,-0.00,1130.75,1090.09,-0.72,-0.00
04:12:16.412 [TUNER] 768,1000,1120.48,1081.08,-1.21,-0.00,1089.76,1081.08,-0.72,-0.00
04:12:16.447 [TUNER] 769,1000,1120.48,1072.07,-1.10,-0.00,1089.76,1072.07,-0.45,-0.00
04:12:16.447 [TUNER] 770,1000,1087.50,1063.06,-0.83,-0.00,1064.15,1063.06,-0.23,-0.00
04:12:16.484 [TUNER] 771,1000,1069.71,1054.05,-0.83,-0.00,1041.84,1054.05,-0.23,-0.00
04:12:16.489 [TUNER] 772,1000,1069.71,1045.05,-0.87,-0.00,1041.84,1045.05,-0.19,-0.00
04:12:16.519 [TUNER] 773,1000,1052.13,1036.04,-0.78,-0.00,1020.16,1036.04,-0.02,-0.00
04:12:16.520 [TUNER] 774,1000,1034.45,1027.03,-0.78,-0.00,1021.13,1027.03,-0.02,-0.00
04:12:16.552 [TUNER] 775,1000,1034.45,1018.02,-0.81,-0.00,1021.13,1018.02,-0.30,-0.00
04:12:16.589 [TUNER] 776,1000,1018.67,1009.01,-0.75,-0.00,1028.16,1009.01,-0.53,-0.00
04:12:16.591 [TUNER] 777,1000,1009.48,1000.00,-0.75,-0.00,1030.04,1000.00,-0.53,-0.00
04:12:16.623 [TUNER] 778,1000,1009.48,990.99,-0.89,-0.00,1030.04,990.99,-0.85,-0.00
04:12:16.624 [TUNER] 779,1000,1004.79,981.98,-0.96,-0.00,1022.44,981.98,-0.90,-0.00
04:12:16.658 [TUNER] 780,1000,998.71,972.97,-0.96,-0.00,1011.16,972.97,-0.90,-0.00
04:12:16.659 [TUNER] 781,1000,998.71,963.96,-1.15,-0.00,1011.16,963.96,-1.05,-0.00
04:12:16.692 [TUNER] 782,1000,988.23,954.95,-1.16,-0.00,996.85,954.95,-1.01,-0.00
04:12:16.728 [TUNER] 783,1000,975.22,945.95,-1.16,-0.00,974.40,945.95,-1.01,-0.00
04:12:16.729 [TUNER] 784,1000,975.22,936.94,-1.27,-0.00,974.40,936.94,-1.00,-0.00
04:12:16.762 [TUNER] 785,1000,969.66,927.93,-1.35,-0.00,942.28,927.93,-0.71,-0.00
04:12:16.764 [TUNER] 786,1000,955.08,918.92,-1.35,-0.00,908.12,918.92,-0.71,-0.00
04:12:16.799 [TUNER] 787,1000,955.08,909.91,-1.44,-0.00,908.12,909.91,-0.51,-0.00
04:12:16.801 [TUNER] 788,1000,929.19,900.90,-1.26,-0.00,874.04,900.90,-0.16,-0.00
04:12:16.832 [TUNER] 789,1000,899.77,891.89,-1.26,-0.00,850.14,891.89,-0.16,-0.00
04:12:16.869 [TUNER] 790,1000,899.77,882.88,-1.15,-0.00,850.14,882.88,-0.08,-0.00
04:12:16.872 [TUNER] 791,1000,858.78,873.87,-0.76,-0.00,839.04,873.87,-0.04,-0.00
04:12:16.904 [TUNER] 792,1000,827.83,864.86,-0.76,-0.00,839.23,864.86,-0.04,-0.00
04:12:16.907 [TUNER] 793,1000,827.83,855.86,-0.59,-0.00,839.23,855.86,-0.28,-0.00
04:12:16.937 [TUNER] 794,1000,800.91,846.85,-0.35,-0.00,851.57,846.85,-0.58,-0.00
04:12:16.938 [TUNER] 795,1000,780.89,837.84,-0.35,-0.00,869.39,837.84,-0.58,-0.00
04:12:16.974 [TUNER] 796,1000,780.89,828.83,-0.31,-0.00,869.39,828.83,-1.11,-0.00
04:12:17.009 [TUNER] 797,1000,771.56,819.82,-0.29,-0.00,878.71,819.82,-1.40,-0.00
04:12:17.009 [TUNER] 798,1000,773.36,810.81,-0.29,-0.00,873.23,810.81,-1.40,-0.00
04:12:17.042 [TUNER] 799,1000,773.36,801.80,-0.53,-0.00,873.23,801.80,-1.64,-0.00
04:12:17.043 [TUNER] 800,1000,777.67,792.79,-0.70,-0.00,850.36,792.79,-1.50,-0.00
04:12:17.078 [TUNER] 801,1000,789.15,783.78,-0.70,-0.00,820.25,783.78,-1.50,-0.00
04:12:17.078 [TUNER] 802,1000,789.15,774.77,-1.09,-0.00,820.25,774.77,-1.40,-0.00
04:12:17.112 [TUNER] 803,1000,797.04,765.77,-1.32,-0.00,784.64,765.77,-1.06,-0.00
04:12:17.147 [TUNER] 804,1000,804.87,756.76,-1.32,-0.00,750.80,756.76,-1.06,-0.00
04:12:17.148 [TUNER] 805,1000,804.87,747.75,-1.71,-0.00,750.80,747.75,-0.87,-0.00
04:12:17.182 [TUNER] 806,1000,789.70,738.74,-1.67,-0.00,722.13,738.74,-0.61,-0.00
04:12:17.182 [TUNER] 807,1000,757.07,729.73,-1.67,-0.00,704.84,729.73,-0.61,-0.00
04:12:17.218 [TUNER] 808,1000,757.07,720.72,-1.53,-0.00,704.84,720.72,-0.62,-0.00
04:12:17.218 [TUNER] 809,1000,719.18,711.71,-1.19,-0.00,697.95,711.71,-0.65,-0.00
04:12:17.253 [TUNER] 810,1000,678.16,702.70,-1.19,-0.00,700.25,702.70,-0.65,-0.00
04:12:17.288 [TUNER] 811,1000,678.16,693.69,-0.91,-0.00,700.25,693.69,-0.94,-0.00
04:12:17.321 [TUNER] 812,1000,642.14,684.68,-0.56,-0.00,704.13,684.68,-1.14,-0.00
04:12:17.321 [TUNER] 813,1000,624.27,675.68,-0.56,-0.00,690.36,675.68,-1.14,-0.00
04:12:17.322 [TUNER] 814,1000,624.27,666.67,-0.55,-0.00,690.36,666.67,-1.23,-0.00
04:12:17.358 [TUNER] 815,1000,614.27,657.66,-0.52,-0.00,673.75,657.66,-1.15,-0.00
04:12:17.358 [TUNER] 816,1000,621.50,648.65,-0.52,-0.00,652.72,648.65,-1.15,-0.00
04:12:17.393 [TUNER] 817,1000,621.50,639.64,-0.84,-0.00,652.72,639.64,-1.14,-0.00
04:12:17.429 [TUNER] 818,1000,628.96,630.63,-1.05,-0.00,633.00,630.63,-1.00,-0.00
04:12:17.430 [TUNER] 819,1000,636.44,621.62,-1.05,-0.00,612.61,621.62,-1.00,-0.00
04:12:17.462 [TUNER] 820,1000,636.44,612.61,-1.40,-0.00,612.61,612.61,-0.99,-0.00
04:12:17.463 [TUNER] 821,1000,626.94,603.60,-1.42,-0.00,597.76,603.60,-0.92,-0.00
04:12:17.498 [TUNER] 822,1000,608.87,594.59,-1.42,-0.00,580.89,594.59,-0.92,-0.00
04:12:17.498 [TUNER] 823,1000,608.87,585.59,-1.45,-0.00,580.89,585.59,-0.95,-0.00
04:12:17.533 [TUNER] 824,1000,589.24,576.58,-1.34,-0.00,568.35,576.58,-0.90,-0.00
04:12:17.568 [TUNER] 825,1000,564.64,567.57,-1.34,-0.00,563.01,567.57,-0.90,-0.00
04:12:17.569 [TUNER] 826,1000,564.64,558.56,-1.28,-0.00,563.01,558.56,-1.09,-0.00
04:12:17.606 [TUNER] 827,1000,542.55,549.55,-1.12,-0.00,553.12,549.55,-1.09,-0.00
04:12:17.608 [TUNER] 828,1000,519.19,540.54,-1.12,-0.00,547.58,540.54,-1.09,-0.00
04:12:17.639 [TUNER] 829,1000,519.19,531.53,-1.07,-0.00,547.58,531.53,-1.29,-0.00
04:12:17.639 [TUNER] 830,1000,499.07,522.52,-0.92,-0.00,534.93,522.52,-1.26,-0.00
04:12:17.672 [TUNER] 831,1000,485.21,513.51,-0.92,-0.00,522.63,513.51,-1.26,-0.00
04:12:17.708 [TUNER] 832,1000,485.21,504.50,-0.98,-0.00,522.63,504.50,-1.37,-0.00
04:12:17.708 [TUNER] 833,1000,472.79,495.50,-0.93,-0.00,508.19,495.50,-1.31,-0.00
04:12:17.743 [TUNER] 834,1000,463.27,486.49,-0.93,-0.00,491.69,486.49,-1.31,-0.00
04:12:17.744 [TUNER] 835,1000,463.27,477.48,-1.04,-0.00,491.69,477.48,-1.36,-0.00
04:12:17.779 [TUNER] 836,1000,456.48,468.47,-1.07,-0.00,471.75,468.47,-1.22,-0.00
04:12:17.779 [TUNER] 837,1000,448.59,459.46,-1.07,-0.00,452.03,459.46,-1.22,-0.00
04:12:17.812 [TUNER] 838,1000,448.59,450.45,-1.22,-0.00,452.03,450.45,-1.22,-0.00
04:12:17.848 [TUNER] 839,1000,438.97,441.44,-1.22,-0.00,434.33,441.44,-1.11,-0.00
04:12:17.848 [TUNER] 840,1000,429.40,432.43,-1.22,-0.00,418.36,432.43,-1.11,-0.00
04:12:17.884 [TUNER] 841,1000,429.40,423.42,-1.34,-0.00,418.36,423.42,-1.15,-0.00
04:12:17.884 [TUNER] 842,1000,419.98,414.41,-1.35,-0.00,399.73,414.41,-1.02,-0.00
04:12:17.919 [TUNER] 843,1000,412.30,405.41,-1.35,-0.00,387.22,405.41,-1.02,-0.00
04:12:17.923 [TUNER] 844,1000,412.30,396.40,-1.51,-0.00,387.22,396.40,-1.10,-0.00
04:12:17.952 [TUNER] 845,1000,406.31,387.39,-1.57,-0.00,375.14,387.39,-1.07,-0.00
04:12:17.989 [TUNER] 846,1000,389.71,378.38,-1.57,-0.00,361.65,378.38,-1.07,-0.00
04:12:17.990 [TUNER] 847,1000,389.71,369.37,-1.62,-0.00,361.65,369.37,-1.14,-0.00
04:12:18.023 [TUNER] 848,1000,373.94,360.36,-1.55,-0.00,349.55,360.36,-1.10,-0.00
04:12:18.025 [TUNER] 849,1000,352.00,351.35,-1.55,-0.00,340.34,351.35,-1.10,-0.00
04:12:18.058 [TUNER] 850,1000,352.00,342.34,-1.53,-0.00,340.34,342.34,-1.23,-0.00
04:12:18.059 [TUNER] 851,1000,333.99,333.33,-1.43,-0.00,329.51,333.33,-1.21,-0.00
04:12:18.092 [TUNER] 852,1000,312.60,324.32,-1.43,-0.00,315.44,324.32,-1.21,-0.00
04:12:18.127 [TUNER] 853,1000,312.60,315.32,-1.40,-0.00,315.44,315.32,-1.28,-0.00
04:12:18.128 [TUNER] 854,1000,293.37,306.31,-1.27,-0.00,301.09,306.31,-1.22,-0.00
04:12:18.162 [TUNER] 855,1000,272.62,297.30,-1.27,-0.00,288.14,297.30,-1.22,-0.00
04:12:18.163 [TUNER] 856,1000,272.62,288.29,-1.25,-0.00,288.14,288.29,-1.30,-0.00
04:12:18.198 [TUNER] 857,1000,257.39,279.28,-1.17,-0.00,276.52,279.28,-1.28,-0.00
04:12:18.198 [TUNER] 858,1000,245.38,270.27,-1.17,-0.00,266.03,270.27,-1.28,-0.00
04:12:18.233 [TUNER] 859,1000,245.38,261.26,-1.25,-0.00,266.03,261.26,-1.40,-0.00
04:12:18.268 [TUNER] 860,1000,234.59,252.25,-1.22,-0.00,254.04,252.25,-1.37,-0.00
04:12:18.268 [TUNER] 861,1000,223.15,243.24,-1.22,-0.00,240.65,243.24,-1.37,-0.00
04:12:18.303 [TUNER] 862,1000,223.15,234.23,-1.31,-0.00,240.65,234.23,-1.45,-0.00
04:12:18.306 [TUNER] 863,1000,211.15,225.23,-1.28,-0.00,223.46,225.23,-1.35,-0.00
04:12:18.339 [TUNER] 864,1000,195.18,216.22,-1.28,-0.00,206.26,216.22,-1.35,-0.00
04:12:18.340 [TUNER] 865,1000,195.18,207.21,-1.31,-0.00,206.26,207.21,-1.38,-0.00
04:12:18.375 [TUNER] 866,1000,178.24,198.20,-1.21,-0.00,189.07,198.20,-1.27,-0.00
04:12:18.408 [TUNER] 867,1000,160.42,189.19,-1.21,-0.00,173.60,189.19,-1.27,-0.00
04:12:18.408 [TUNER] 868,1000,160.42,180.18,-1.22,-0.00,173.60,180.18,-1.32,-0.00
04:12:18.443 [TUNER] 869,1000,145.24,171.17,-1.14,-0.00,159.68,171.17,-1.26,-0.00
04:12:18.444 [TUNER] 870,1000,130.71,162.16,-1.14,-0.00,147.14,162.16,-1.26,-0.00
04:12:18.477 [TUNER] 871,1000,130.71,153.15,-1.18,-0.00,147.14,153.15,-1.34,-0.00
04:12:18.477 [TUNER] 872,1000,117.64,144.14,-1.12,-0.00,135.87,144.14,-1.32,-0.00
04:12:18.512 [TUNER] 873,1000,105.88,135.14,-1.12,-0.00,124.00,135.14,-1.32,-0.00
04:12:18.548 [TUNER] 874,1000,105.88,126.13,-1.20,-0.00,124.00,126.13,-1.41,-0.00
04:12:18.548 [TUNER] 875,1000,95.29,117.12,-1.18,-0.00,111.60,117.12,-1.37,-0.00
04:12:18.583 [TUNER] 876,1000,85.76,108.11,-1.18,-0.00,100.44,108.11,-1.37,-0.00
04:12:18.583 [TUNER] 877,1000,85.76,99.10,-1.29,-0.00,100.44,99.10,-1.48,-0.00
04:12:18.618 [TUNER] 878,1000,75.47,90.09,-1.28,-0.00,90.39,90.09,-1.48,-0.00
04:12:18.618 [TUNER] 879,1000,64.49,81.08,-1.28,-0.00,81.35,81.08,-1.48,-0.00
04:12:18.653 [TUNER] 880,1000,64.49,72.07,-1.38,-0.00,81.35,72.07,-1.62,-0.00
04:12:18.689 [TUNER] 881,1000,52.02,63.06,-1.34,-0.00,69.78,63.06,-1.60,-0.00
04:12:18.692 [TUNER] 882,1000,39.95,54.05,-1.34,-0.00,55.94,54.05,-1.60,-0.00
04:12:18.724 [TUNER] 883,1000,39.95,45.05,-1.43,-0.00,55.94,45.05,-1.69,-0.00
04:12:18.724 [TUNER] 884,1000,28.22,36.04,-1.40,-0.00,40.89,36.04,-1.62,-0.00
04:12:18.758 [TUNER] 885,1000,11.67,27.03,-1.40,-0.00,26.50,27.03,-1.62,-0.00
04:12:18.758 [TUNER] 886,1000,11.67,18.02,-1.43,-0.00,26.50,18.02,-1.69,-0.00
04:12:18.793 [TUNER] 887,1000,-3.25,9.01,-1.36,-0.00,10.96,9.01,-1.61,-0.00
04:12:18.827 [TUNER] --- CSV END ---