I (768054) TUNER: --- CSV START ---
I (768054) TUNER: Metadata,PID_0(P:0.00000 I:0.00000 D:0.00000),PID_1(P:1.94000 I:70.00000 D:0.00000)
I (768054) TUNER: Tick,DeltaTime_us,Reading_0,Setpoint_0,Output_0,int_0,Reading_1,Setpoint_1,Output_1,int_1
I (768064) TUNER: 0,0,0.00,0.00,0.00,0.00,0.00,0.00,0.00,0.00
I (768074) TUNER: 1,869,0.00,8.02,0.00,0.00,0.00,8.02,0.00,0.00
I (768084) TUNER: 2,1002,0.00,16.04,0.02,0.00,0.00,16.04,0.05,0.00
I (768094) TUNER: 3,998,0.00,24.06,0.02,0.00,0.00,24.06,0.05,0.00
I (768104) TUNER: 4,1002,0.00,32.09,0.03,0.00,0.00,32.09,0.10,0.00
I (768114) TUNER: 5,998,0.00,40.11,0.03,0.00,0.00,40.11,0.10,0.00
I (768124) TUNER: 6,1002,0.00,48.13,0.05,0.00,0.00,48.13,0.15,0.00
I (768134) TUNER: 7,998,0.00,56.15,0.05,0.00,0.00,56.15,0.15,0.00
I (768144) TUNER: 8,1002,0.00,64.17,0.06,0.00,0.00,64.17,0.20,0.00
I (768154) TUNER: 9,998,0.00,72.19,0.06,0.00,0.00,72.19,0.20,0.00
I (768164) TUNER: 10,1002,0.00,80.21,0.08,0.00,0.00,80.21,0.26,0.00
I (768174) TUNER: 11,998,0.00,88.24,0.08,0.00,0.00,88.24,0.26,0.00
I (768184) TUNER: 12,1002,0.00,96.26,0.10,0.00,0.00,96.26,0.32,0.00
I (768194) TUNER: 13,998,0.00,104.28,0.10,0.00,0.00,104.28,0.32,0.00
I (768204) TUNER: 14,1002,0.00,112.30,0.11,0.00,0.00,112.30,0.38,0.00
I (768214) TUNER: 15,998,0.00,120.32,0.11,0.00,0.00,120.32,0.38,0.00
I (768224) TUNER: 16,1002,0.00,128.34,0.13,0.00,0.00,128.34,0.45,0.00
I (768234) TUNER: 17,998,0.00,136.36,0.13,0.00,0.00,136.36,0.45,0.00
I (768244) TUNER: 18,1002,0.00,144.39,0.14,0.00,0.00,144.39,0.51,0.00
I (768254) TUNER: 19,1051,0.00,152.41,0.15,0.00,1.64,152.41,0.54,0.00
I (768264) TUNER: 20,947,0.00,160.43,0.15,0.00,1.64,160.43,0.54,0.00
I (768274) TUNER: 21,1003,0.00,168.45,0.17,0.00,3.07,168.45,0.61,0.00
I (768284) TUNER: 22,997,0.00,176.47,0.17,0.00,3.07,176.47,0.61,0.00
I (768294) TUNER: 23,1003,0.00,184.49,0.18,0.00,23.07,184.49,0.64,0.00
I (768304) TUNER: 24,997,0.00,192.51,0.18,0.00,23.07,192.51,0.64,0.00
I (768314) TUNER: 25,1003,0.00,200.53,0.20,0.00,63.99,200.53,0.62,0.00
I (768324) TUNER: 26,997,0.00,208.56,0.20,0.00,63.99,208.56,0.62,0.00
I (768334) TUNER: 27,1003,0.00,216.58,0.22,0.00,99.30,216.58,0.62,0.00
I (768344) TUNER: 28,997,0.00,224.60,0.22,0.00,99.30,224.60,0.62,0.00
I (768354) TUNER: 29,1003,0.00,232.62,0.23,0.00,134.41,232.62,0.61,0.00
I (768364) TUNER: 30,997,0.00,240.64,0.23,0.00,134.41,240.64,0.61,0.00
I (768374) TUNER: 31,1003,0.00,248.66,0.25,0.00,166.80,248.66,0.60,0.00
I (768384) TUNER: 32,997,0.00,256.68,0.25,0.00,166.80,256.68,0.60,0.00
I (768394) TUNER: 33,1003,0.00,264.71,0.26,0.00,203.88,264.71,0.58,0.00
I (768404) TUNER: 34,997,0.00,272.73,0.26,0.00,203.88,272.73,0.58,0.00
I (768414) TUNER: 35,1003,0.00,280.75,0.28,0.01,243.86,280.75,0.56,0.00
I (768424) TUNER: 36,997,0.00,288.77,0.28,0.01,243.86,288.77,0.56,0.00
I (768434) TUNER: 37,1003,0.00,296.79,0.30,0.01,267.24,296.79,0.56,0.00
I (768444) TUNER: 38,997,0.00,304.81,0.30,0.01,267.24,304.81,0.56,0.00
I (768454) TUNER: 39,1003,0.00,312.83,0.31,0.01,285.95,312.83,0.57,0.00
I (768464) TUNER: 40,997,0.00,320.86,0.31,0.01,285.95,320.86,0.57,0.00
I (768474) TUNER: 41,1003,0.00,328.88,0.33,0.01,306.08,328.88,0.58,0.00
I (768484) TUNER: 42,997,0.00,336.90,0.33,0.01,306.08,336.90,0.58,0.00
I (768494) TUNER: 43,1003,0.00,344.92,0.34,0.01,330.76,344.92,0.58,0.00
I (768504) TUNER: 44,997,0.00,352.94,0.34,0.01,330.76,352.94,0.58,0.00
I (768514) TUNER: 45,1003,0.00,360.96,0.36,0.01,363.40,360.96,0.56,0.00
I (768524) TUNER: 46,997,0.00,368.98,0.36,0.01,363.40,368.98,0.56,0.00
I (768534) TUNER: 47,1003,0.00,377.01,0.38,0.01,388.65,377.01,0.56,0.00
I (768544) TUNER: 48,997,0.00,385.03,0.38,0.01,388.65,385.03,0.56,0.00
I (768554) TUNER: 49,1003,0.00,393.05,0.39,0.01,390.81,393.05,0.60,0.00
I (768564) TUNER: 50,997,0.00,401.07,0.39,0.01,390.81,401.07,0.60,0.00
I (768574) TUNER: 51,1003,0.00,409.09,0.41,0.01,392.54,409.09,0.65,0.00
I (768584) TUNER: 52,997,0.00,417.11,0.41,0.01,392.54,417.11,0.65,0.00
I (768594) TUNER: 53,1003,0.00,425.13,0.43,0.01,404.23,425.13,0.67,0.00
I (768604) TUNER: 54,997,0.00,433.16,0.43,0.01,404.23,433.16,0.67,0.00
I (768614) TUNER: 55,1003,0.00,441.18,0.44,0.01,429.90,441.18,0.67,0.00
I (768624) TUNER: 56,997,0.00,449.20,0.44,0.01,429.90,449.20,0.67,0.00
I (768634) TUNER: 57,1003,0.00,457.22,0.46,0.01,439.27,457.22,0.70,0.00
I (768644) TUNER: 58,997,0.00,465.24,0.46,0.01,439.27,465.24,0.70,0.00
I (768654) TUNER: 59,1003,0.00,473.26,0.47,0.01,445.91,473.26,0.74,0.00
I (768664) TUNER: 60,997,0.00,481.28,0.47,0.01,445.91,481.28,0.74,0.00
I (768674) TUNER: 61,1003,0.00,489.30,0.49,0.02,462.39,489.30,0.75,0.00
I (768684) TUNER: 62,997,0.00,497.33,0.49,0.02,462.39,497.33,0.75,0.00
I (768694) TUNER: 63,1003,0.00,505.35,0.51,0.02,491.89,505.35,0.74,0.00
I (768704) TUNER: 64,997,0.00,513.37,0.51,0.02,491.89,513.37,0.74,0.00
I (768714) TUNER: 65,1003,0.00,521.39,0.52,0.02,517.22,521.39,0.74,0.00
I (768724) TUNER: 66,997,0.00,529.41,0.52,0.02,517.22,529.41,0.74,0.00
I (768734) TUNER: 67,1003,0.00,537.43,0.54,0.02,533.18,537.43,0.76,0.00
I (768744) TUNER: 68,997,0.00,545.45,0.54,0.02,533.18,545.45,0.76,0.00
I (768754) TUNER: 69,1003,0.00,553.48,0.55,0.02,557.97,553.48,0.75,0.00
I (768764) TUNER: 70,997,0.00,561.50,0.55,0.02,557.97,561.50,0.75,0.00
I (768774) TUNER: 71,1003,0.00,569.52,0.57,0.02,575.23,569.52,0.76,0.00
I (768784) TUNER: 72,997,0.00,577.54,0.57,0.02,575.23,577.54,0.76,0.00
I (768794) TUNER: 73,1003,0.00,585.56,0.59,0.02,590.76,585.56,0.78,0.00
I (768804) TUNER: 74,997,0.00,593.58,0.59,0.02,590.76,593.58,0.78,0.00
I (768814) TUNER: 75,1003,0.00,601.60,0.60,0.02,609.19,601.60,0.79,0.00
I (768824) TUNER: 76,997,0.00,609.63,0.60,0.02,609.19,609.63,0.79,0.00
I (768834) TUNER: 77,1003,0.00,617.65,0.62,0.02,641.12,617.65,0.77,0.00
I (768844) TUNER: 78,997,0.00,625.67,0.62,0.02,641.12,625.67,0.77,0.00
I (768854) TUNER: 79,1003,0.00,633.69,0.63,0.03,651.20,633.69,0.79,0.00
I (768864) TUNER: 80,997,0.00,641.71,0.63,0.03,651.20,641.71,0.79,0.00
I (768874) TUNER: 81,1003,0.00,649.73,0.65,0.03,660.98,649.73,0.82,0.00
I (768884) TUNER: 82,997,0.00,657.75,0.65,0.03,660.98,657.75,0.82,0.00
I (768894) TUNER: 83,1003,0.00,665.78,0.67,0.03,684.27,665.78,0.81,0.00
I (768904) TUNER: 84,997,0.00,673.80,0.67,0.03,684.27,673.80,0.81,0.00
I (768914) TUNER: 85,1003,0.00,681.82,0.68,0.03,692.59,681.82,0.84,0.00
I (768924) TUNER: 86,997,0.00,689.84,0.68,0.03,692.59,689.84,0.84,0.00
I (768934) TUNER: 87,1003,0.00,697.86,0.70,0.03,702.69,697.86,0.87,0.00
I (768944) TUNER: 88,997,0.00,705.88,0.70,0.03,702.69,705.88,0.87,0.00
I (768954) TUNER: 89,1003,0.00,713.90,0.71,0.03,736.53,713.90,0.84,0.00
I (768964) TUNER: 90,997,0.00,721.93,0.71,0.03,736.53,721.93,0.84,0.00
I (768974) TUNER: 91,1003,0.00,729.95,0.73,0.03,749.00,729.95,0.86,0.00
I (768984) TUNER: 92,997,0.00,737.97,0.73,0.03,749.00,737.97,0.86,0.00
I (768994) TUNER: 93,1003,0.00,745.99,0.75,0.04,765.86,745.99,0.87,0.00
I (769004) TUNER: 94,997,0.00,754.01,0.75,0.04,765.86,754.01,0.87,0.00
I (769014) TUNER: 95,1003,0.00,762.03,0.76,0.04,776.76,762.03,0.89,0.00
I (769024) TUNER: 96,997,0.00,770.05,0.76,0.04,776.76,770.05,0.89,0.00
I (769034) TUNER: 97,1003,0.00,778.07,0.78,0.04,771.74,778.07,0.95,0.00
I (769044) TUNER: 98,997,0.00,786.10,0.78,0.04,771.74,786.10,0.95,0.00
I (769054) TUNER: 99,1003,0.00,794.12,0.79,0.04,796.07,794.12,0.95,0.00
I (769064) TUNER: 100,997,0.00,802.14,0.79,0.04,796.07,802.14,0.95,0.00
I (769074) TUNER: 101,1003,0.00,810.16,0.81,0.04,806.08,810.16,0.98,0.00
I (769084) TUNER: 102,997,0.00,818.18,0.81,0.04,806.08,818.18,0.98,0.00
I (769094) TUNER: 103,1003,0.00,826.20,0.83,0.04,819.25,826.20,1.00,0.00
I (769104) TUNER: 104,1042,0.00,834.22,0.83,0.04,843.36,834.22,0.97,0.00
I (769114) TUNER: 105,955,0.00,842.25,0.83,0.04,843.36,842.25,0.97,0.00
I (769124) TUNER: 106,1003,0.00,850.27,0.85,0.05,848.43,850.27,1.01,0.00
I (769134) TUNER: 107,997,0.00,858.29,0.85,0.05,848.43,858.29,1.01,0.00
I (769144) TUNER: 108,1003,0.00,866.31,0.87,0.05,850.55,866.31,1.05,0.00
I (769154) TUNER: 109,997,0.00,874.33,0.87,0.05,850.55,874.33,1.05,0.00
I (769164) TUNER: 110,1003,0.00,882.35,0.88,0.05,887.46,882.35,1.02,0.00
I (769174) TUNER: 111,997,0.00,890.37,0.88,0.05,887.46,890.37,1.02,0.00
I (769184) TUNER: 112,1003,0.00,898.40,0.90,0.05,907.55,898.40,1.03,0.00
I (769194) TUNER: 113,997,0.00,906.42,0.90,0.05,907.55,906.42,1.03,0.00
I (769204) TUNER: 114,1003,0.00,914.44,0.91,0.05,939.94,914.44,1.01,0.00
I (769214) TUNER: 115,997,0.00,922.46,0.91,0.05,939.94,922.46,1.01,0.00
I (769224) TUNER: 116,1003,0.00,930.48,0.93,0.05,929.77,930.48,1.07,0.00
I (769234) TUNER: 117,997,0.00,938.50,0.93,0.05,929.77,938.50,1.07,0.00
I (769244) TUNER: 118,1003,0.00,946.52,0.95,0.06,968.02,946.52,1.04,0.00
I (769254) TUNER: 119,997,0.00,954.55,0.95,0.06,968.02,954.55,1.04,0.00
I (769264) TUNER: 120,1003,0.00,962.57,0.96,0.06,975.43,962.57,1.07,0.00
I (769274) TUNER: 121,997,0.00,970.59,0.96,0.06,975.43,970.59,1.07,0.00
I (769284) TUNER: 122,1003,0.00,978.61,0.98,0.06,999.40,978.61,1.07,0.00
I (769294) TUNER: 123,997,0.00,986.63,0.98,0.06,999.40,986.63,1.07,0.00
I (769304) TUNER: 124,1003,0.00,994.65,0.99,0.06,1006.54,994.65,1.10,0.00
I (769314) TUNER: 125,997,0.00,1002.67,0.99,0.06,1006.54,1002.67,1.10,0.00
I (769324) TUNER: 126,1003,0.00,1010.70,1.01,0.06,1023.43,1010.70,1.11,0.00
I (769334) TUNER: 127,997,0.00,1018.72,1.01,0.06,1023.43,1018.72,1.11,0.00
I (769344) TUNER: 128,1003,0.00,1026.74,1.03,0.07,1033.50,1026.74,1.13,0.00
I (769354) TUNER: 129,997,0.00,1034.76,1.03,0.07,1033.50,1034.76,1.13,0.00
I (769364) TUNER: 130,1003,0.00,1042.78,1.04,0.07,1050.15,1042.78,1.15,0.00
I (769374) TUNER: 131,997,0.00,1050.80,1.04,0.07,1050.15,1050.80,1.15,0.00
I (769384) TUNER: 132,1003,0.00,1058.82,1.06,0.07,1046.28,1058.82,1.20,0.00
I (769394) TUNER: 133,997,0.00,1066.84,1.06,0.07,1046.28,1066.84,1.20,0.00
I (769404) TUNER: 134,1003,0.00,1074.87,1.07,0.07,1080.99,1074.87,1.18,0.00
I (769414) TUNER: 135,997,0.00,1082.89,1.07,0.07,1080.99,1082.89,1.18,0.00
I (769424) TUNER: 136,1003,0.00,1090.91,1.09,0.08,1083.85,1090.91,1.22,0.00
I (769434) TUNER: 137,997,0.00,1098.93,1.09,0.08,1083.85,1098.93,1.22,0.00
I (769444) TUNER: 138,1003,0.00,1106.95,1.11,0.08,1102.45,1106.95,1.23,0.00
I (769454) TUNER: 139,997,0.00,1114.97,1.11,0.08,1102.45,1114.97,1.23,0.00
I (769464) TUNER: 140,1003,0.00,1122.99,1.12,0.08,1106.17,1122.99,1.27,0.00
I (769474) TUNER: 141,997,0.00,1131.02,1.12,0.08,1106.17,1131.02,1.27,0.00
I (769484) TUNER: 142,1003,0.00,1139.04,1.14,0.08,1138.35,1139.04,1.25,0.00
I (769494) TUNER: 143,997,0.00,1147.06,1.14,0.08,1138.35,1147.06,1.25,0.00
I (769504) TUNER: 144,1003,0.00,1155.08,1.16,0.08,1169.25,1155.08,1.24,0.00
I (769514) TUNER: 145,997,0.00,1163.10,1.16,0.08,1169.25,1163.10,1.24,0.00
I (769524) TUNER: 146,1003,0.00,1171.12,1.17,0.08,1197.40,1171.12,1.22,0.00
I (769534) TUNER: 147,997,0.00,1179.14,1.17,0.08,1197.40,1179.14,1.22,0.00
I (769544) TUNER: 148,1003,0.00,1187.17,1.19,0.08,1189.00,1187.17,1.29,0.00
I (769554) TUNER: 149,997,0.00,1195.19,1.19,0.08,1189.00,1195.19,1.29,0.00
I (769564) TUNER: 150,1003,0.00,1203.21,1.20,0.08,1205.47,1203.21,1.30,0.00
I (769574) TUNER: 151,997,0.00,1211.23,1.20,0.08,1205.47,1211.23,1.30,0.00
I (769584) TUNER: 152,1003,0.00,1219.25,1.22,0.08,1235.83,1219.25,1.28,0.00
I (769594) TUNER: 153,997,0.00,1227.27,1.22,0.08,1235.83,1227.27,1.28,0.00
I (769604) TUNER: 154,1003,0.00,1235.29,1.24,0.08,1233.49,1235.29,1.33,0.00
I (769614) TUNER: 155,997,0.00,1243.32,1.24,0.08,1233.49,1243.32,1.33,0.00
I (769624) TUNER: 156,1003,0.00,1251.34,1.25,0.08,1249.65,1251.34,1.35,0.00
I (769634) TUNER: 157,997,0.00,1259.36,1.25,0.08,1249.65,1259.36,1.35,0.00
I (769644) TUNER: 158,1003,0.00,1267.38,1.27,0.08,1274.61,1267.38,1.34,0.00
I (769654) TUNER: 159,997,0.00,1275.40,1.27,0.08,1274.61,1275.40,1.34,0.00
I (769664) TUNER: 160,1003,0.00,1283.42,1.28,0.08,1291.14,1283.42,1.36,0.00
I (769674) TUNER: 161,997,0.00,1291.44,1.28,0.08,1291.14,1291.44,1.36,0.00
I (769684) TUNER: 162,1003,0.00,1299.47,1.30,0.08,1303.51,1299.47,1.38,0.00
I (769694) TUNER: 163,997,0.00,1307.49,1.30,0.08,1303.51,1307.49,1.38,0.00
I (769704) TUNER: 164,1003,0.00,1315.51,1.32,0.08,1317.70,1315.51,1.40,0.00
I (769714) TUNER: 165,997,0.00,1323.53,1.32,0.08,1317.70,1323.53,1.40,0.00
I (769724) TUNER: 166,1003,0.00,1331.55,1.33,0.08,1336.78,1331.55,1.40,0.00
I (769734) TUNER: 167,997,0.00,1339.57,1.33,0.08,1336.78,1339.57,1.40,0.00
I (769744) TUNER: 168,1003,0.00,1347.59,1.35,0.08,1347.75,1347.59,1.43,0.00
I (769754) TUNER: 169,997,0.00,1355.61,1.35,0.08,1347.75,1355.61,1.43,0.00
I (769764) TUNER: 170,1003,0.00,1363.64,1.36,0.08,1370.27,1363.64,1.43,0.00
I (769774) TUNER: 171,997,0.00,1371.66,1.36,0.08,1370.27,1371.66,1.43,0.00
I (769784) TUNER: 172,1003,0.00,1379.68,1.38,0.08,1401.17,1379.68,1.41,0.00
I (769794) TUNER: 173,997,0.00,1387.70,1.38,0.08,1401.17,1387.70,1.41,0.00
I (769804) TUNER: 174,1003,0.00,1395.72,1.40,0.08,1398.40,1395.72,1.46,0.00
I (769814) TUNER: 175,997,0.00,1403.74,1.40,0.08,1398.40,1403.74,1.46,0.00
I (769824) TUNER: 176,1003,0.00,1411.76,1.41,0.08,1395.33,1411.76,1.52,0.00
I (769834) TUNER: 177,997,0.00,1419.79,1.41,0.08,1395.33,1419.79,1.52,0.00
I (769844) TUNER: 178,1003,0.00,1427.81,1.43,0.08,1415.21,1427.81,1.52,0.00
I (769854) TUNER: 179,997,0.00,1435.83,1.43,0.08,1415.21,1435.83,1.52,0.00
I (769864) TUNER: 180,1003,0.00,1443.85,1.44,0.08,1407.91,1443.85,1.59,0.00
I (769874) TUNER: 181,997,0.00,1451.87,1.44,0.08,1407.91,1451.87,1.59,0.00
I (769884) TUNER: 182,1003,0.00,1459.89,1.46,0.08,1453.62,1459.89,1.55,0.00
I (769894) TUNER: 183,997,0.00,1467.91,1.46,0.08,1453.62,1467.91,1.55,0.00
I (769904) TUNER: 184,1003,0.00,1475.94,1.48,0.08,1496.20,1475.94,1.51,0.00
I (769914) TUNER: 185,997,0.00,1483.96,1.48,0.08,1496.20,1483.96,1.51,0.00
I (769924) TUNER: 186,1003,0.00,1491.98,1.49,0.08,1506.21,1491.98,1.53,0.00
I (769934) TUNER: 187,996,0.00,1500.00,1.49,0.08,1506.21,1500.00,1.53,0.00
I (769944) TUNER: 188,1003,0.00,1500.00,1.50,0.08,1500.47,1500.00,1.57,0.00
I (769954) TUNER: 189,1043,0.00,1500.00,1.50,0.08,1538.39,1500.00,1.49,0.00
I (769964) TUNER: 190,954,0.00,1500.00,1.50,0.08,1538.39,1500.00,1.49,0.00
I (769974) TUNER: 191,1003,0.00,1500.00,1.50,0.08,1543.96,1500.00,1.47,0.00
I (769984) TUNER: 192,997,0.00,1500.00,1.50,0.08,1543.96,1500.00,1.47,0.00
I (769994) TUNER: 193,1003,0.00,1500.00,1.50,0.08,1553.01,1500.00,1.45,0.00
I (770004) TUNER: 194,997,0.00,1500.00,1.50,0.08,1553.01,1500.00,1.45,0.00
I (770014) TUNER: 195,1003,0.00,1500.00,1.50,0.08,1576.57,1500.00,1.39,0.00
I (770024) TUNER: 196,997,0.00,1500.00,1.50,0.08,1576.57,1500.00,1.39,0.00
I (770034) TUNER: 197,1003,0.00,1500.00,1.50,0.08,1570.51,1500.00,1.39,0.00
I (770044) TUNER: 198,997,0.00,1500.00,1.50,0.08,1570.51,1500.00,1.39,0.00
I (770054) TUNER: 199,1003,0.00,1500.00,1.50,0.08,1557.92,1500.00,1.41,0.00
I (770064) TUNER: 200,997,0.00,1500.00,1.50,0.08,1557.92,1500.00,1.41,0.00
I (770074) TUNER: 201,1003,0.00,1500.00,1.50,0.08,1559.89,1500.00,1.40,0.00
I (770084) TUNER: 202,997,0.00,1500.00,1.50,0.08,1559.89,1500.00,1.40,0.00
I (770094) TUNER: 203,1003,0.00,1500.00,1.50,0.08,1564.03,1500.00,1.38,0.00
I (770104) TUNER: 204,997,0.00,1500.00,1.50,0.08,1564.03,1500.00,1.38,0.00
I (770114) TUNER: 205,1003,0.00,1500.00,1.50,0.08,1569.92,1500.00,1.36,0.00
I (770124) TUNER: 206,997,0.00,1500.00,1.50,0.08,1569.92,1500.00,1.36,0.00
I (770134) TUNER: 207,1003,0.00,1500.00,1.50,0.08,1570.34,1500.00,1.35,0.00
I (770144) TUNER: 208,997,0.00,1500.00,1.50,0.08,1570.34,1500.00,1.35,0.00
I (770154) TUNER: 209,1003,0.00,1500.00,1.50,0.08,1580.99,1500.00,1.32,0.00
I (770164) TUNER: 210,997,0.00,1500.00,1.50,0.08,1580.99,1500.00,1.32,0.00
I (770174) TUNER: 211,1003,0.00,1500.00,1.50,0.08,1571.46,1500.00,1.32,0.00
I (770184) TUNER: 212,997,0.00,1500.00,1.50,0.08,1571.46,1500.00,1.32,0.00
I (770194) TUNER: 213,1003,0.00,1500.00,1.50,0.08,1551.82,1500.00,1.36,0.00
I (770204) TUNER: 214,997,0.00,1500.00,1.50,0.08,1551.82,1500.00,1.36,0.00
I (770214) TUNER: 215,1003,0.00,1500.00,1.50,0.08,1561.01,1500.00,1.33,0.00
I (770224) TUNER: 216,997,0.00,1500.00,1.50,0.08,1561.01,1500.00,1.33,0.00
I (770234) TUNER: 217,1003,0.00,1500.00,1.50,0.08,1579.54,1500.00,1.28,0.00
I (770244) TUNER: 218,997,0.00,1500.00,1.50,0.08,1579.54,1500.00,1.28,0.00
I (770254) TUNER: 219,1003,0.00,1500.00,1.50,0.08,1557.42,1500.00,1.32,0.00
I (770264) TUNER: 220,997,0.00,1500.00,1.50,0.08,1557.42,1500.00,1.32,0.00
I (770274) TUNER: 221,1003,0.00,1500.00,1.50,0.08,1556.90,1500.00,1.31,0.00
I (770284) TUNER: 222,997,0.00,1500.00,1.50,0.08,1556.90,1500.00,1.31,0.00
I (770294) TUNER: 223,1003,0.00,1500.00,1.50,0.08,1555.63,1500.00,1.30,0.00
I (770304) TUNER: 224,997,0.00,1500.00,1.50,0.08,1555.63,1500.00,1.30,0.00
I (770314) TUNER: 225,1003,0.00,1500.00,1.50,0.08,1527.99,1500.00,1.35,0.00
I (770324) TUNER: 226,997,0.00,1500.00,1.50,0.08,1527.99,1500.00,1.35,0.00
I (770334) TUNER: 227,1003,0.00,1500.00,1.50,0.08,1525.63,1500.00,1.36,0.00
I (770344) TUNER: 228,997,0.00,1500.00,1.50,0.08,1525.63,1500.00,1.36,0.00
I (770354) TUNER: 229,1003,0.00,1500.00,1.50,0.08,1546.07,1500.00,1.31,0.00
I (770364) TUNER: 230,997,0.00,1500.00,1.50,0.08,1546.07,1500.00,1.31,0.00
I (770374) TUNER: 231,1003,0.00,1500.00,1.50,0.08,1533.22,1500.00,1.33,0.00
I (770384) TUNER: 232,997,0.00,1500.00,1.50,0.08,1533.22,1500.00,1.33,0.00
I (770394) TUNER: 233,1003,0.00,1500.00,1.50,0.08,1515.21,1500.00,1.36,0.00
I (770404) TUNER: 234,997,0.00,1500.00,1.50,0.08,1515.21,1500.00,1.36,0.00
I (770414) TUNER: 235,1003,0.00,1500.00,1.50,0.08,1511.11,1500.00,1.37,0.00
I (770424) TUNER: 236,997,0.00,1500.00,1.50,0.08,1511.11,1500.00,1.37,0.00
I (770434) TUNER: 237,1003,0.00,1500.00,1.50,0.08,1497.52,1500.00,1.40,0.00
I (770444) TUNER: 238,997,0.00,1500.00,1.50,0.08,1497.52,1500.00,1.40,0.00
I (770454) TUNER: 239,1003,0.00,1500.00,1.50,0.08,1503.83,1500.00,1.38,0.00
I (770464) TUNER: 240,997,0.00,1500.00,1.50,0.08,1503.83,1500.00,1.38,0.00
I (770474) TUNER: 241,1003,0.00,1500.00,1.50,0.08,1518.33,1500.00,1.35,0.00
I (770484) TUNER: 242,997,0.00,1500.00,1.50,0.08,1518.33,1500.00,1.35,0.00
I (770494) TUNER: 243,1003,0.00,1500.00,1.50,0.08,1519.62,1500.00,1.35,0.00
I (770504) TUNER: 244,997,0.00,1500.00,1.50,0.08,1519.62,1500.00,1.35,0.00
I (770514) TUNER: 245,1003,0.00,1500.00,1.50,0.08,1508.62,1500.00,1.37,0.00
I (770524) TUNER: 246,997,0.00,1500.00,1.50,0.08,1508.62,1500.00,1.37,0.00
I (770534) TUNER: 247,1003,0.00,1500.00,1.50,0.08,1509.28,1500.00,1.36,0.00
I (770544) TUNER: 248,997,0.00,1500.00,1.50,0.08,1509.28,1500.00,1.36,0.00
I (770554) TUNER: 249,1003,0.00,1500.00,1.50,0.08,1516.67,1500.00,1.35,0.00
I (770564) TUNER: 250,997,0.00,1500.00,1.50,0.08,1516.67,1500.00,1.35,0.00
I (770574) TUNER: 251,1003,0.00,1500.00,1.50,0.08,1521.73,1500.00,1.33,0.00
I (770584) TUNER: 252,997,0.00,1500.00,1.50,0.08,1521.73,1500.00,1.33,0.00
I (770594) TUNER: 253,1003,0.00,1500.00,1.50,0.08,1511.17,1500.00,1.35,0.00
I (770604) TUNER: 254,997,0.00,1500.00,1.50,0.08,1511.17,1500.00,1.35,0.00
I (770614) TUNER: 255,1003,0.00,1500.00,1.50,0.08,1517.33,1500.00,1.34,0.00
I (770624) TUNER: 256,997,0.00,1500.00,1.50,0.08,1517.33,1500.00,1.34,0.00
I (770634) TUNER: 257,1003,0.00,1500.00,1.50,0.08,1503.36,1500.00,1.37,0.00
I (770644) TUNER: 258,997,0.00,1500.00,1.50,0.08,1503.36,1500.00,1.37,0.00
I (770654) TUNER: 259,1003,0.00,1500.00,1.50,0.08,1487.88,1500.00,1.40,0.00
I (770664) TUNER: 260,997,0.00,1500.00,1.50,0.08,1487.88,1500.00,1.40,0.00
I (770674) TUNER: 261,1003,0.00,1500.00,1.50,0.08,1502.13,1500.00,1.37,0.00
I (770684) TUNER: 262,997,0.00,1500.00,1.50,0.08,1502.13,1500.00,1.37,0.00
I (770694) TUNER: 263,1003,0.00,1500.00,1.50,0.08,1524.70,1500.00,1.32,0.00
I (770704) TUNER: 264,997,0.00,1500.00,1.50,0.08,1524.70,1500.00,1.32,0.00
I (770714) TUNER: 265,1003,0.00,1500.00,1.50,0.08,1516.99,1500.00,1.33,0.00
I (770724) TUNER: 266,997,0.00,1500.00,1.50,0.08,1516.99,1500.00,1.33,0.00
I (770734) TUNER: 267,1003,0.00,1500.00,1.50,0.08,1523.70,1500.00,1.32,0.00
I (770744) TUNER: 268,997,0.00,1500.00,1.50,0.08,1523.70,1500.00,1.32,0.00
I (770754) TUNER: 269,1003,0.00,1500.00,1.50,0.08,1518.76,1500.00,1.33,0.00
I (770764) TUNER: 270,997,0.00,1500.00,1.50,0.08,1518.76,1500.00,1.33,0.00
I (770774) TUNER: 271,1003,0.00,1500.00,1.50,0.08,1484.74,1500.00,1.39,0.00
I (770784) TUNER: 272,997,0.00,1500.00,1.50,0.08,1484.74,1500.00,1.39,0.00
I (770794) TUNER: 273,1003,0.00,1500.00,1.50,0.08,1496.19,1500.00,1.37,0.00
I (770804) TUNER: 274,1043,0.00,1500.00,1.50,0.08,1483.84,1500.00,1.40,0.00
I (770814) TUNER: 275,954,0.00,1500.00,1.50,0.08,1483.84,1500.00,1.40,0.00
I (770824) TUNER: 276,1003,0.00,1500.00,1.50,0.08,1488.04,1500.00,1.39,0.00
I (770834) TUNER: 277,997,0.00,1500.00,1.50,0.08,1488.04,1500.00,1.39,0.00
I (770844) TUNER: 278,1003,0.00,1500.00,1.50,0.08,1501.40,1500.00,1.36,0.00
I (770854) TUNER: 279,997,0.00,1500.00,1.50,0.08,1501.40,1500.00,1.36,0.00
I (770864) TUNER: 280,1003,0.00,1500.00,1.50,0.08,1498.34,1500.00,1.37,0.00
I (770874) TUNER: 281,997,0.00,1500.00,1.50,0.08,1498.34,1500.00,1.37,0.00
I (770884) TUNER: 282,1003,0.00,1500.00,1.50,0.08,1493.32,1500.00,1.38,0.00
I (770894) TUNER: 283,997,0.00,1500.00,1.50,0.08,1493.32,1500.00,1.38,0.00
I (770904) TUNER: 284,1003,0.00,1500.00,1.50,0.08,1497.04,1500.00,1.37,0.00
I (770914) TUNER: 285,997,0.00,1500.00,1.50,0.08,1497.04,1500.00,1.37,0.00
I (770924) TUNER: 286,1003,0.00,1500.00,1.50,0.08,1506.88,1500.00,1.35,0.00
I (770934) TUNER: 287,997,0.00,1500.00,1.50,0.08,1506.88,1500.00,1.35,0.00
I (770944) TUNER: 288,1003,0.00,1500.00,1.50,0.08,1508.74,1500.00,1.35,0.00
I (770954) TUNER: 289,997,0.00,1500.00,1.50,0.08,1508.74,1500.00,1.35,0.00
I (770964) TUNER: 290,1003,0.00,1500.00,1.50,0.08,1517.10,1500.00,1.33,0.00
I (770974) TUNER: 291,997,0.00,1500.00,1.50,0.08,1517.10,1500.00,1.33,0.00
I (770984) TUNER: 292,1003,0.00,1500.00,1.50,0.08,1500.60,1500.00,1.36,0.00
I (770994) TUNER: 293,997,0.00,1500.00,1.50,0.08,1500.60,1500.00,1.36,0.00
I (771004) TUNER: 294,1003,0.00,1500.00,1.50,0.08,1483.10,1500.00,1.40,0.00
I (771014) TUNER: 295,997,0.00,1500.00,1.50,0.08,1483.10,1500.00,1.40,0.00
I (771024) TUNER: 296,1003,0.00,1500.00,1.50,0.08,1496.59,1500.00,1.37,0.00
I (771034) TUNER: 297,997,0.00,1500.00,1.50,0.08,1496.59,1500.00,1.37,0.00
I (771044) TUNER: 298,1003,0.00,1500.00,1.50,0.08,1518.55,1500.00,1.33,0.00
I (771054) TUNER: 299,997,0.00,1500.00,1.50,0.08,1518.55,1500.00,1.33,0.00
I (771064) TUNER: 300,1003,0.00,1500.00,1.50,0.08,1512.92,1500.00,1.34,0.00
I (771074) TUNER: 301,997,0.00,1500.00,1.50,0.08,1512.92,1500.00,1.34,0.00
I (771084) TUNER: 302,1003,0.00,1500.00,1.50,0.08,1522.16,1500.00,1.32,0.00
I (771094) TUNER: 303,997,0.00,1500.00,1.50,0.08,1522.16,1500.00,1.32,0.00
I (771104) TUNER: 304,1003,0.00,1500.00,1.50,0.08,1520.11,1500.00,1.32,0.00
I (771114) TUNER: 305,997,0.00,1500.00,1.50,0.08,1520.11,1500.00,1.32,0.00
I (771124) TUNER: 306,1003,0.00,1500.00,1.50,0.08,1503.86,1500.00,1.35,0.00
I (771134) TUNER: 307,997,0.00,1500.00,1.50,0.08,1503.86,1500.00,1.35,0.00
I (771144) TUNER: 308,1003,0.00,1500.00,1.50,0.08,1516.64,1500.00,1.32,0.00
I (771154) TUNER: 309,997,0.00,1500.00,1.50,0.08,1516.64,1500.00,1.32,0.00
I (771164) TUNER: 310,1003,0.00,1500.00,1.50,0.08,1528.57,1500.00,1.29,-0.00
I (771174) TUNER: 311,997,0.00,1500.00,1.50,0.08,1528.57,1500.00,1.29,-0.00
I (771184) TUNER: 312,1003,0.00,1500.00,1.50,0.08,1506.34,1500.00,1.34,-0.00
I (771194) TUNER: 313,997,0.00,1500.00,1.50,0.08,1506.34,1500.00,1.34,-0.00
I (771204) TUNER: 314,1003,0.00,1500.00,1.50,0.08,1510.88,1500.00,1.33,-0.00
I (771214) TUNER: 315,997,0.00,1500.00,1.50,0.08,1510.88,1500.00,1.33,-0.00
I (771224) TUNER: 316,1003,0.00,1500.00,1.50,0.08,1509.37,1500.00,1.33,-0.00
I (771234) TUNER: 317,997,0.00,1500.00,1.50,0.08,1509.37,1500.00,1.33,-0.00
I (771244) TUNER: 318,1003,0.00,1500.00,1.50,0.08,1473.79,1500.00,1.40,-0.00
I (771254) TUNER: 319,997,0.00,1500.00,1.50,0.08,1473.79,1500.00,1.40,-0.00
I (771264) TUNER: 320,1003,0.00,1500.00,1.50,0.08,1474.54,1500.00,1.40,0.00
I (771274) TUNER: 321,997,0.00,1500.00,1.50,0.08,1474.54,1500.00,1.40,0.00
I (771284) TUNER: 322,1003,0.00,1500.00,1.50,0.08,1502.63,1500.00,1.35,0.00
I (771294) TUNER: 323,997,0.00,1500.00,1.50,0.08,1502.63,1500.00,1.35,0.00
I (771304) TUNER: 324,1003,0.00,1500.00,1.50,0.08,1489.88,1500.00,1.37,0.00
I (771314) TUNER: 325,997,0.00,1500.00,1.50,0.08,1489.88,1500.00,1.37,0.00
I (771324) TUNER: 326,1003,0.00,1500.00,1.50,0.08,1496.86,1500.00,1.36,0.00
I (771334) TUNER: 327,997,0.00,1500.00,1.50,0.08,1496.86,1500.00,1.36,0.00
I (771344) TUNER: 328,1003,0.00,1500.00,1.50,0.08,1504.16,1500.00,1.35,0.00
I (771354) TUNER: 329,997,0.00,1500.00,1.50,0.08,1504.16,1500.00,1.35,0.00
I (771364) TUNER: 330,1003,0.00,1500.00,1.50,0.08,1474.78,1500.00,1.41,0.00
I (771374) TUNER: 331,997,0.00,1500.00,1.50,0.08,1474.78,1500.00,1.41,0.00
I (771384) TUNER: 332,1003,0.00,1500.00,1.50,0.08,1498.52,1500.00,1.36,0.00
I (771394) TUNER: 333,997,0.00,1500.00,1.50,0.08,1498.52,1500.00,1.36,0.00
I (771404) TUNER: 334,1003,0.00,1500.00,1.50,0.08,1521.81,1500.00,1.31,0.00
I (771414) TUNER: 335,997,0.00,1500.00,1.50,0.08,1521.81,1500.00,1.31,0.00
I (771424) TUNER: 336,1003,0.00,1500.00,1.50,0.08,1506.09,1500.00,1.34,0.00
I (771434) TUNER: 337,997,0.00,1500.00,1.50,0.08,1506.09,1500.00,1.34,0.00
I (771444) TUNER: 338,1003,0.00,1500.00,1.50,0.08,1519.27,1500.00,1.31,0.00
I (771454) TUNER: 339,997,0.00,1500.00,1.50,0.08,1519.27,1500.00,1.31,0.00
I (771464) TUNER: 340,1003,0.00,1500.00,1.50,0.08,1510.07,1500.00,1.33,-0.00
I (771474) TUNER: 341,997,0.00,1500.00,1.50,0.08,1510.07,1500.00,1.33,-0.00
I (771484) TUNER: 342,1003,0.00,1500.00,1.50,0.08,1485.52,1500.00,1.38,0.00
I (771494) TUNER: 343,997,0.00,1500.00,1.50,0.08,1485.52,1500.00,1.38,0.00
I (771504) TUNER: 344,1003,0.00,1500.00,1.50,0.08,1476.19,1500.00,1.40,0.00
I (771514) TUNER: 345,997,0.00,1500.00,1.50,0.08,1476.19,1500.00,1.40,0.00
I (771524) TUNER: 346,1003,0.00,1500.00,1.50,0.08,1499.65,1500.00,1.36,0.00
I (771534) TUNER: 347,997,0.00,1500.00,1.50,0.08,1499.65,1500.00,1.36,0.00
I (771544) TUNER: 348,1003,0.00,1500.00,1.50,0.08,1494.37,1500.00,1.37,0.00
I (771554) TUNER: 349,997,0.00,1500.00,1.50,0.08,1494.37,1500.00,1.37,0.00
I (771564) TUNER: 350,1003,0.00,1500.00,1.50,0.08,1484.99,1500.00,1.39,0.00
I (771574) TUNER: 351,997,0.00,1500.00,1.50,0.08,1484.99,1500.00,1.39,0.00
I (771584) TUNER: 352,1003,0.00,1500.00,1.50,0.08,1485.21,1500.00,1.39,0.00
I (771594) TUNER: 353,997,0.00,1500.00,1.50,0.08,1485.21,1500.00,1.39,0.00
I (771604) TUNER: 354,1003,0.00,1500.00,1.50,0.08,1477.66,1500.00,1.41,0.00
I (771614) TUNER: 355,997,0.00,1500.00,1.50,0.08,1477.66,1500.00,1.41,0.00
I (771624) TUNER: 356,1003,0.00,1500.00,1.50,0.08,1479.36,1500.00,1.41,0.00
I (771634) TUNER: 357,997,0.00,1500.00,1.50,0.08,1479.36,1500.00,1.41,0.00
I (771644) TUNER: 358,1003,0.00,1500.00,1.50,0.08,1497.89,1500.00,1.37,0.00
I (771654) TUNER: 359,1042,0.00,1500.00,1.50,0.08,1467.33,1500.00,1.43,0.00
I (771664) TUNER: 360,955,0.00,1500.00,1.50,0.08,1467.33,1500.00,1.43,0.00
I (771674) TUNER: 361,1003,0.00,1500.00,1.50,0.08,1486.95,1500.00,1.40,0.00
I (771684) TUNER: 362,997,0.00,1500.00,1.50,0.08,1486.95,1500.00,1.40,0.00
I (771694) TUNER: 363,1003,0.00,1500.00,1.50,0.08,1504.83,1500.00,1.36,0.00
I (771704) TUNER: 364,997,0.00,1500.00,1.50,0.08,1504.83,1500.00,1.36,0.00
I (771714) TUNER: 365,1003,0.00,1500.00,1.50,0.08,1493.35,1500.00,1.38,0.00
I (771724) TUNER: 366,997,0.00,1500.00,1.50,0.08,1493.35,1500.00,1.38,0.00
I (771734) TUNER: 367,1003,0.00,1500.00,1.50,0.08,1503.07,1500.00,1.36,0.00
I (771744) TUNER: 368,997,0.00,1500.00,1.50,0.08,1503.07,1500.00,1.36,0.00
I (771754) TUNER: 369,1003,0.00,1500.00,1.50,0.08,1527.17,1500.00,1.31,0.00
I (771764) TUNER: 370,997,0.00,1500.00,1.50,0.08,1527.17,1500.00,1.31,0.00
I (771774) TUNER: 371,1003,0.00,1500.00,1.50,0.08,1512.09,1500.00,1.34,0.00
I (771784) TUNER: 372,997,0.00,1500.00,1.50,0.08,1512.09,1500.00,1.34,0.00
I (771794) TUNER: 373,1003,0.00,1500.00,1.50,0.08,1510.33,1500.00,1.34,0.00
I (771804) TUNER: 374,997,0.00,1500.00,1.50,0.08,1510.33,1500.00,1.34,0.00
I (771814) TUNER: 375,1003,0.00,1500.00,1.50,0.08,1506.35,1500.00,1.35,0.00
I (771824) TUNER: 376,997,0.00,1500.00,1.50,0.08,1506.35,1500.00,1.35,0.00
I (771834) TUNER: 377,1003,0.00,1500.00,1.50,0.08,1478.25,1500.00,1.41,0.00
I (771844) TUNER: 378,997,0.00,1500.00,1.50,0.08,1478.25,1500.00,1.41,0.00
I (771854) TUNER: 379,1003,0.00,1500.00,1.50,0.08,1474.67,1500.00,1.42,0.00
I (771864) TUNER: 380,997,0.00,1500.00,1.50,0.08,1474.67,1500.00,1.42,0.00
I (771874) TUNER: 381,1003,-0.86,1500.00,1.50,0.08,1488.13,1500.00,1.39,0.00
I (771884) TUNER: 382,997,-0.86,1500.00,1.50,0.08,1488.13,1500.00,1.39,0.00
I (771894) TUNER: 383,1003,-0.69,1500.00,1.50,0.08,1483.43,1500.00,1.41,0.00
I (771904) TUNER: 384,997,-0.69,1500.00,1.50,0.08,1483.43,1500.00,1.41,0.00
I (771914) TUNER: 385,1003,-0.55,1500.00,1.50,0.08,1493.42,1500.00,1.39,0.00
I (771924) TUNER: 386,997,-0.55,1500.00,1.50,0.08,1493.42,1500.00,1.39,0.00
I (771934) TUNER: 387,1003,-0.44,1500.00,1.50,0.08,1503.99,1500.00,1.37,0.00
I (771944) TUNER: 388,997,-0.44,1500.00,1.50,0.08,1503.99,1500.00,1.37,0.00
I (771954) TUNER: 389,1003,-0.35,1500.00,1.50,0.08,1483.23,1500.00,1.41,0.00
I (771964) TUNER: 390,997,-0.35,1500.00,1.50,0.08,1483.23,1500.00,1.41,0.00
I (771974) TUNER: 391,1003,-0.28,1500.00,1.50,0.08,1494.98,1500.00,1.39,0.00
I (771984) TUNER: 392,997,-0.28,1500.00,1.50,0.08,1494.98,1500.00,1.39,0.00
I (771994) TUNER: 393,1003,-0.23,1500.00,1.50,0.08,1521.55,1500.00,1.33,0.00
I (772004) TUNER: 394,997,-0.23,1500.00,1.50,0.08,1521.55,1500.00,1.33,0.00
I (772014) TUNER: 395,1003,-0.18,1500.00,1.50,0.08,1526.49,1500.00,1.32,0.00
I (772024) TUNER: 396,997,-0.18,1500.00,1.50,0.08,1526.49,1500.00,1.32,0.00
I (772034) TUNER: 397,1003,-0.14,1500.00,1.50,0.08,1521.00,1500.00,1.33,0.00
I (772044) TUNER: 398,997,-0.14,1500.00,1.50,0.08,1521.00,1500.00,1.33,0.00
I (772054) TUNER: 399,1003,-0.12,1500.00,1.50,0.08,1498.56,1500.00,1.37,0.00
I (772064) TUNER: 400,997,-0.12,1500.00,1.50,0.08,1498.56,1500.00,1.37,0.00
I (772074) TUNER: 401,1003,-0.09,1500.00,1.50,0.08,1502.94,1500.00,1.36,0.00
I (772084) TUNER: 402,997,-0.09,1500.00,1.50,0.08,1502.94,1500.00,1.36,0.00
I (772094) TUNER: 403,1003,-0.07,1500.00,1.50,0.08,1518.48,1500.00,1.33,0.00
I (772104) TUNER: 404,997,-0.07,1500.00,1.50,0.08,1518.48,1500.00,1.33,0.00
I (772114) TUNER: 405,1003,-0.06,1500.00,1.50,0.08,1523.17,1500.00,1.32,0.00
I (772124) TUNER: 406,997,-0.06,1500.00,1.50,0.08,1523.17,1500.00,1.32,0.00
I (772134) TUNER: 407,1003,-0.05,1500.00,1.50,0.08,1525.21,1500.00,1.31,0.00
I (772144) TUNER: 408,997,-0.05,1500.00,1.50,0.08,1525.21,1500.00,1.31,0.00
I (772154) TUNER: 409,1003,-0.04,1500.00,1.50,0.08,1501.07,1500.00,1.36,0.00
I (772164) TUNER: 410,997,-0.04,1500.00,1.50,0.08,1501.07,1500.00,1.36,0.00
I (772174) TUNER: 411,1003,-0.03,1500.00,1.50,0.08,1486.91,1500.00,1.38,0.00
I (772184) TUNER: 412,997,-0.03,1500.00,1.50,0.08,1486.91,1500.00,1.38,0.00
I (772194) TUNER: 413,1003,-0.02,1500.00,1.50,0.08,1482.46,1500.00,1.40,0.00
I (772204) TUNER: 414,997,-0.02,1500.00,1.50,0.08,1482.46,1500.00,1.40,0.00
I (772214) TUNER: 415,1003,-0.02,1500.00,1.50,0.08,1476.32,1500.00,1.41,0.00
I (772224) TUNER: 416,997,-0.02,1500.00,1.50,0.08,1476.32,1500.00,1.41,0.00
I (772234) TUNER: 417,1003,-0.02,1500.00,1.50,0.08,1484.29,1500.00,1.40,0.00
I (772244) TUNER: 418,997,-0.02,1500.00,1.50,0.08,1484.29,1500.00,1.40,0.00
I (772254) TUNER: 419,1003,-0.01,1500.00,1.50,0.08,1506.13,1500.00,1.35,0.00
I (772264) TUNER: 420,997,-0.01,1500.00,1.50,0.08,1506.13,1500.00,1.35,0.00
I (772274) TUNER: 421,1003,-0.01,1500.00,1.50,0.08,1519.31,1500.00,1.33,0.00
I (772284) TUNER: 422,997,-0.01,1500.00,1.50,0.08,1519.31,1500.00,1.33,0.00
I (772294) TUNER: 423,1003,-0.01,1500.00,1.50,0.08,1508.38,1500.00,1.35,0.00
I (772304) TUNER: 424,997,-0.01,1500.00,1.50,0.08,1508.38,1500.00,1.35,0.00
I (772314) TUNER: 425,1003,-0.01,1500.00,1.50,0.08,1518.53,1500.00,1.32,0.00
I (772324) TUNER: 426,997,-0.01,1500.00,1.50,0.08,1518.53,1500.00,1.32,0.00
I (772334) TUNER: 427,1003,-0.01,1500.00,1.50,0.08,1514.63,1500.00,1.33,0.00
I (772344) TUNER: 428,997,-0.01,1500.00,1.50,0.08,1514.63,1500.00,1.33,0.00
I (772354) TUNER: 429,1003,-0.00,1500.00,1.50,0.08,1487.45,1500.00,1.38,0.00
I (772364) TUNER: 430,997,-0.00,1500.00,1.50,0.08,1487.45,1500.00,1.38,0.00
I (772374) TUNER: 431,1003,-0.00,1500.00,1.50,0.08,1493.20,1500.00,1.37,0.00
I (772384) TUNER: 432,997,-0.00,1500.00,1.50,0.08,1493.20,1500.00,1.37,0.00
I (772394) TUNER: 433,1003,-0.00,1500.00,1.50,0.08,1477.18,1500.00,1.41,0.00
I (772404) TUNER: 434,997,-0.00,1500.00,1.50,0.08,1477.18,1500.00,1.41,0.00
I (772414) TUNER: 435,1003,-0.00,1500.00,1.50,0.08,1450.62,1500.00,1.47,0.00
I (772424) TUNER: 436,997,-0.00,1500.00,1.50,0.08,1450.62,1500.00,1.47,0.00
I (772434) TUNER: 437,1003,-0.00,1500.00,1.50,0.08,1476.62,1500.00,1.42,0.00
I (772444) TUNER: 438,997,-0.00,1500.00,1.50,0.08,1476.62,1500.00,1.42,0.00
I (772454) TUNER: 439,1003,-0.00,1500.00,1.50,0.08,1500.85,1500.00,1.37,0.00
I (772464) TUNER: 440,997,-0.00,1500.00,1.50,0.08,1500.85,1500.00,1.37,0.00
I (772474) TUNER: 441,1003,-0.00,1500.00,1.50,0.08,1490.18,1500.00,1.39,0.00
I (772484) TUNER: 442,997,-0.00,1500.00,1.50,0.08,1490.18,1500.00,1.39,0.00
I (772494) TUNER: 443,1003,-0.00,1500.00,1.50,0.08,1500.53,1500.00,1.37,0.00
I (772504) TUNER: 444,1042,-0.00,1500.00,1.50,0.08,1479.34,1500.00,1.42,0.00
I (772514) TUNER: 445,955,-0.00,1500.00,1.50,0.08,1479.34,1500.00,1.42,0.00
I (772524) TUNER: 446,1003,-0.00,1500.00,1.50,0.08,1488.67,1500.00,1.40,0.00
I (772534) TUNER: 447,997,-0.00,1500.00,1.50,0.08,1488.67,1500.00,1.40,0.00
I (772544) TUNER: 448,1003,-0.00,1500.00,1.50,0.08,1486.44,1500.00,1.41,0.00
I (772554) TUNER: 449,997,-0.00,1500.00,1.50,0.08,1486.44,1500.00,1.41,0.00
I (772564) TUNER: 450,1003,-0.00,1500.00,1.50,0.08,1488.96,1500.00,1.40,0.00
I (772574) TUNER: 451,997,-0.00,1500.00,1.50,0.08,1488.96,1500.00,1.40,0.00
I (772584) TUNER: 452,1003,-0.00,1500.00,1.50,0.08,1505.57,1500.00,1.37,0.00
I (772594) TUNER: 453,997,-0.00,1500.00,1.50,0.08,1505.57,1500.00,1.37,0.00
I (772604) TUNER: 454,1003,-0.00,1500.00,1.50,0.08,1522.30,1500.00,1.33,0.00
I (772614) TUNER: 455,997,-0.00,1500.00,1.50,0.08,1522.30,1500.00,1.33,0.00
I (772624) TUNER: 456,1003,-0.00,1500.00,1.50,0.08,1519.36,1500.00,1.34,0.00
I (772634) TUNER: 457,997,-0.00,1500.00,1.50,0.08,1519.36,1500.00,1.34,0.00
I (772644) TUNER: 458,1003,-0.00,1500.00,1.50,0.08,1517.00,1500.00,1.34,0.00
I (772654) TUNER: 459,997,-0.00,1500.00,1.50,0.08,1517.00,1500.00,1.34,0.00
I (772664) TUNER: 460,1003,-0.00,1500.00,1.50,0.08,1520.28,1500.00,1.33,0.00
I (772674) TUNER: 461,997,-0.00,1500.00,1.50,0.08,1520.28,1500.00,1.33,0.00
I (772684) TUNER: 462,1003,-0.00,1500.00,1.50,0.08,1529.77,1500.00,1.31,0.00
I (772694) TUNER: 463,997,-0.00,1500.00,1.50,0.08,1529.77,1500.00,1.31,0.00
I (772704) TUNER: 464,1003,-0.00,1500.00,1.50,0.08,1516.74,1500.00,1.33,0.00
I (772714) TUNER: 465,997,-0.00,1500.00,1.50,0.08,1516.74,1500.00,1.33,0.00
I (772724) TUNER: 466,1003,-0.00,1500.00,1.50,0.08,1526.94,1500.00,1.31,0.00
I (772734) TUNER: 467,997,-0.00,1500.00,1.50,0.08,1526.94,1500.00,1.31,0.00
I (772744) TUNER: 468,1003,-0.00,1500.00,1.50,0.08,1519.64,1500.00,1.32,0.00
I (772754) TUNER: 469,997,-0.00,1500.00,1.50,0.08,1519.64,1500.00,1.32,0.00
I (772764) TUNER: 470,1003,-0.00,1500.00,1.50,0.08,1490.60,1500.00,1.38,0.00
I (772774) TUNER: 471,997,-0.00,1500.00,1.50,0.08,1490.60,1500.00,1.38,0.00
I (772784) TUNER: 472,1003,-0.00,1500.00,1.50,0.08,1494.00,1500.00,1.37,0.00
I (772794) TUNER: 473,997,-0.00,1500.00,1.50,0.08,1494.00,1500.00,1.37,0.00
I (772804) TUNER: 474,1003,-0.00,1500.00,1.50,0.08,1508.74,1500.00,1.34,0.00
I (772814) TUNER: 475,997,-0.00,1500.00,1.50,0.08,1508.74,1500.00,1.34,0.00
I (772824) TUNER: 476,1003,-0.00,1500.00,1.50,0.08,1489.62,1500.00,1.38,0.00
I (772834) TUNER: 477,997,-0.00,1500.00,1.50,0.08,1489.62,1500.00,1.38,0.00
I (772844) TUNER: 478,1003,-0.00,1500.00,1.50,0.08,1515.55,1500.00,1.33,0.00
I (772854) TUNER: 479,997,-0.00,1500.00,1.50,0.08,1515.55,1500.00,1.33,0.00
I (772864) TUNER: 480,1003,-0.00,1500.00,1.50,0.08,1521.69,1500.00,1.31,0.00
I (772874) TUNER: 481,997,-0.00,1500.00,1.50,0.08,1521.69,1500.00,1.31,0.00
I (772884) TUNER: 482,1003,-0.00,1500.00,1.50,0.08,1493.10,1500.00,1.37,0.00
I (772894) TUNER: 483,997,-0.00,1500.00,1.50,0.08,1493.10,1500.00,1.37,0.00
I (772904) TUNER: 484,1003,-0.00,1500.00,1.50,0.08,1499.43,1500.00,1.36,0.00
I (772914) TUNER: 485,997,-0.00,1500.00,1.50,0.08,1499.43,1500.00,1.36,0.00
I (772924) TUNER: 486,1003,-0.00,1500.00,1.50,0.08,1507.94,1500.00,1.34,0.00
I (772934) TUNER: 487,997,-0.00,1500.00,1.50,0.08,1507.94,1500.00,1.34,0.00
I (772944) TUNER: 488,1003,-0.00,1500.00,1.50,0.08,1489.83,1500.00,1.37,0.00
I (772954) TUNER: 489,997,-0.00,1500.00,1.50,0.08,1489.83,1500.00,1.37,0.00
I (772964) TUNER: 490,1003,-0.00,1500.00,1.50,0.08,1489.09,1500.00,1.38,0.00
I (772974) TUNER: 491,997,-0.00,1500.00,1.50,0.08,1489.09,1500.00,1.38,0.00
I (772984) TUNER: 492,1003,-0.00,1500.00,1.50,0.08,1491.93,1500.00,1.37,0.00
I (772994) TUNER: 493,997,-0.00,1500.00,1.50,0.08,1491.93,1500.00,1.37,0.00
I (773004) TUNER: 494,1003,-0.00,1500.00,1.50,0.08,1469.29,1500.00,1.42,0.00
I (773014) TUNER: 495,997,-0.00,1500.00,1.50,0.08,1469.29,1500.00,1.42,0.00
I (773024) TUNER: 496,1003,-0.00,1500.00,1.50,0.08,1472.66,1500.00,1.42,0.00
I (773034) TUNER: 497,997,-0.00,1500.00,1.50,0.08,1472.66,1500.00,1.42,0.00
I (773044) TUNER: 498,1003,-0.00,1500.00,1.50,0.08,1510.57,1500.00,1.34,0.00
I (773054) TUNER: 499,997,-0.00,1500.00,1.50,0.08,1510.57,1500.00,1.34,0.00
I (773064) TUNER: 500,1003,-0.00,1500.00,1.50,0.08,1507.40,1500.00,1.35,0.00
I (773074) TUNER: 501,997,-0.00,1500.00,1.50,0.08,1507.40,1500.00,1.35,0.00
I (773084) TUNER: 502,1003,-0.00,1500.00,1.50,0.08,1499.71,1500.00,1.36,0.00
I (773094) TUNER: 503,997,-0.00,1500.00,1.50,0.08,1499.71,1500.00,1.36,0.00
I (773104) TUNER: 504,1003,-0.00,1500.00,1.50,0.08,1503.86,1500.00,1.36,0.00
I (773114) TUNER: 505,997,-0.00,1500.00,1.50,0.08,1503.86,1500.00,1.36,0.00
I (773124) TUNER: 506,1003,-0.00,1500.00,1.50,0.08,1483.99,1500.00,1.40,0.00
I (773134) TUNER: 507,997,-0.00,1500.00,1.50,0.08,1483.99,1500.00,1.40,0.00
I (773144) TUNER: 508,1003,-0.00,1500.00,1.50,0.08,1491.29,1500.00,1.38,0.00
I (773154) TUNER: 509,997,-0.00,1500.00,1.50,0.08,1491.29,1500.00,1.38,0.00
I (773164) TUNER: 510,1003,-0.00,1500.00,1.50,0.08,1520.32,1500.00,1.32,0.00
I (773174) TUNER: 511,997,-0.00,1500.00,1.50,0.08,1520.32,1500.00,1.32,0.00
I (773184) TUNER: 512,1003,-0.00,1500.00,1.50,0.08,1517.78,1500.00,1.33,0.00
I (773194) TUNER: 513,997,-0.00,1500.00,1.50,0.08,1517.78,1500.00,1.33,0.00
I (773204) TUNER: 514,1003,-0.00,1500.00,1.50,0.08,1510.59,1500.00,1.34,0.00
I (773214) TUNER: 515,997,-0.00,1500.00,1.50,0.08,1510.59,1500.00,1.34,0.00
I (773224) TUNER: 516,1003,-0.00,1500.00,1.50,0.08,1516.00,1500.00,1.33,0.00
I (773234) TUNER: 517,997,-0.00,1500.00,1.50,0.08,1516.00,1500.00,1.33,0.00
I (773244) TUNER: 518,1003,-0.00,1500.00,1.50,0.08,1522.91,1500.00,1.31,0.00
I (773254) TUNER: 519,997,-0.00,1500.00,1.50,0.08,1522.91,1500.00,1.31,0.00
I (773264) TUNER: 520,1003,-0.00,1500.00,1.50,0.08,1515.55,1500.00,1.32,0.00
I (773274) TUNER: 521,997,-0.00,1500.00,1.50,0.08,1515.55,1500.00,1.32,0.00
I (773284) TUNER: 522,1003,-0.00,1500.00,1.50,0.08,1522.55,1500.00,1.31,-0.00
I (773294) TUNER: 523,997,-0.00,1500.00,1.50,0.08,1522.55,1500.00,1.31,-0.00
I (773304) TUNER: 524,1003,-0.00,1500.00,1.50,0.08,1527.29,1500.00,1.29,-0.00
I (773314) TUNER: 525,997,-0.00,1500.00,1.50,0.08,1527.29,1500.00,1.29,-0.00
I (773324) TUNER: 526,1003,-0.00,1500.00,1.50,0.08,1506.17,1500.00,1.33,-0.00
I (773334) TUNER: 527,997,-0.00,1500.00,1.50,0.08,1506.17,1500.00,1.33,-0.00
I (773344) TUNER: 528,1003,-0.00,1500.00,1.50,0.08,1495.29,1500.00,1.35,-0.00
I (773354) TUNER: 529,1043,-0.00,1500.00,1.50,0.08,1479.83,1500.00,1.39,-0.00
I (773364) TUNER: 530,954,-0.00,1500.00,1.50,0.08,1479.83,1500.00,1.39,-0.00
I (773374) TUNER: 531,1003,-0.00,1500.00,1.50,0.08,1487.46,1500.00,1.37,-0.00
I (773384) TUNER: 532,997,-0.00,1500.00,1.50,0.08,1487.46,1500.00,1.37,-0.00
I (773394) TUNER: 533,1003,-0.00,1500.00,1.50,0.08,1511.25,1500.00,1.32,-0.00
I (773404) TUNER: 534,997,-0.00,1500.00,1.50,0.08,1511.25,1500.00,1.32,-0.00
I (773414) TUNER: 535,1003,-0.00,1500.00,1.50,0.08,1499.35,1500.00,1.35,-0.00
I (773424) TUNER: 536,997,-0.00,1500.00,1.50,0.08,1499.35,1500.00,1.35,-0.00
I (773434) TUNER: 537,1003,-0.00,1500.00,1.50,0.08,1504.43,1500.00,1.34,-0.00
I (773444) TUNER: 538,997,-0.00,1500.00,1.50,0.08,1504.43,1500.00,1.34,-0.00
I (773454) TUNER: 539,1003,-0.00,1500.00,1.50,0.08,1507.64,1500.00,1.33,-0.00
I (773464) TUNER: 540,997,-0.00,1500.00,1.50,0.08,1507.64,1500.00,1.33,-0.00
I (773474) TUNER: 541,1003,-0.00,1500.00,1.50,0.08,1494.75,1500.00,1.36,-0.00
I (773484) TUNER: 542,997,-0.00,1500.00,1.50,0.08,1494.75,1500.00,1.36,-0.00
I (773494) TUNER: 543,1003,-0.00,1500.00,1.50,0.08,1499.04,1500.00,1.35,-0.00
I (773504) TUNER: 544,997,-0.00,1500.00,1.50,0.08,1499.04,1500.00,1.35,-0.00
I (773514) TUNER: 545,1003,-0.00,1500.00,1.50,0.08,1514.49,1500.00,1.32,-0.00
I (773524) TUNER: 546,997,-0.00,1500.00,1.50,0.08,1514.49,1500.00,1.32,-0.00
I (773534) TUNER: 547,1003,-0.00,1500.00,1.50,0.08,1495.07,1500.00,1.35,-0.00
I (773544) TUNER: 548,997,-0.00,1500.00,1.50,0.08,1495.07,1500.00,1.35,-0.00
I (773554) TUNER: 549,1003,-0.00,1500.00,1.50,0.08,1495.86,1500.00,1.35,-0.00
I (773564) TUNER: 550,997,-0.00,1500.00,1.50,0.08,1495.86,1500.00,1.35,-0.00
I (773574) TUNER: 551,1003,-0.00,1500.00,1.50,0.08,1499.07,1500.00,1.35,-0.00
I (773584) TUNER: 552,997,-0.00,1500.00,1.50,0.08,1499.07,1500.00,1.35,-0.00
I (773594) TUNER: 553,1003,-0.00,1500.00,1.50,0.08,1487.89,1500.00,1.37,-0.00
I (773604) TUNER: 554,997,-0.00,1500.00,1.50,0.08,1487.89,1500.00,1.37,-0.00
I (773614) TUNER: 555,1003,-0.00,1500.00,1.50,0.08,1497.84,1500.00,1.35,-0.00
I (773624) TUNER: 556,997,-0.00,1500.00,1.50,0.08,1497.84,1500.00,1.35,-0.00
I (773634) TUNER: 557,1003,-0.00,1500.00,1.50,0.08,1503.23,1500.00,1.34,-0.00
I (773644) TUNER: 558,997,-0.00,1500.00,1.50,0.08,1503.23,1500.00,1.34,-0.00
I (773654) TUNER: 559,1003,-0.00,1500.00,1.50,0.08,1497.23,1500.00,1.35,-0.00
I (773664) TUNER: 560,997,-0.00,1500.00,1.50,0.08,1497.23,1500.00,1.35,-0.00
I (773674) TUNER: 561,1003,-0.00,1500.00,1.50,0.08,1496.73,1500.00,1.35,-0.00
I (773684) TUNER: 562,1003,-0.00,1500.00,1.50,0.08,1519.73,1500.00,1.31,-0.00
I (773694) TUNER: 563,994,-0.00,1492.02,1.50,0.08,1519.73,1492.02,1.31,-0.00
I (773704) TUNER: 564,1004,-0.00,1484.04,1.48,0.08,1484.93,1484.04,1.33,-0.00
I (773714) TUNER: 565,996,-0.00,1476.06,1.48,0.08,1484.93,1476.06,1.33,-0.00
I (773724) TUNER: 566,1004,-0.00,1468.09,1.47,0.08,1480.87,1468.09,1.29,-0.00
I (773734) TUNER: 567,996,-0.00,1460.11,1.47,0.08,1480.87,1460.11,1.29,-0.00
I (773744) TUNER: 568,1004,-0.00,1452.13,1.45,0.08,1505.98,1452.13,1.19,-0.00
I (773754) TUNER: 569,996,-0.00,1444.15,1.45,0.08,1505.98,1444.15,1.19,-0.00
I (773764) TUNER: 570,1004,-0.00,1436.17,1.44,0.08,1489.98,1436.17,1.17,-0.00
I (773774) TUNER: 571,996,-0.00,1428.19,1.44,0.08,1489.98,1428.19,1.17,-0.00
I (773784) TUNER: 572,1004,-0.00,1420.21,1.42,0.08,1494.36,1420.21,1.10,-0.00
I (773794) TUNER: 573,996,-0.00,1412.23,1.42,0.08,1494.36,1412.23,1.10,-0.00
I (773804) TUNER: 574,1004,-0.00,1404.26,1.40,0.08,1496.15,1404.26,1.04,-0.00
I (773814) TUNER: 575,996,-0.00,1396.28,1.40,0.08,1496.15,1396.28,1.04,-0.00
I (773824) TUNER: 576,1004,-0.00,1388.30,1.39,0.08,1471.81,1388.30,1.03,-0.00
I (773834) TUNER: 577,996,-0.00,1380.32,1.39,0.08,1471.81,1380.32,1.03,-0.00
I (773844) TUNER: 578,1004,-0.00,1372.34,1.37,0.08,1466.08,1372.34,0.98,-0.00
I (773854) TUNER: 579,996,-0.00,1364.36,1.37,0.08,1466.08,1364.36,0.98,-0.00
I (773864) TUNER: 580,1004,-0.00,1356.38,1.36,0.08,1464.08,1356.38,0.93,-0.00
I (773874) TUNER: 581,996,-0.00,1348.40,1.36,0.08,1464.08,1348.40,0.93,-0.00
I (773884) TUNER: 582,1004,-0.00,1340.43,1.34,0.08,1427.25,1340.43,0.94,-0.00
I (773894) TUNER: 583,996,-0.00,1332.45,1.34,0.08,1427.25,1332.45,0.94,-0.00
I (773904) TUNER: 584,1004,-0.00,1324.47,1.32,0.08,1419.27,1324.47,0.90,-0.00
I (773914) TUNER: 585,996,-0.00,1316.49,1.32,0.08,1419.27,1316.49,0.90,-0.00
I (773924) TUNER: 586,1004,-0.00,1308.51,1.31,0.08,1386.25,1308.51,0.91,-0.00
I (773934) TUNER: 587,996,-0.00,1300.53,1.31,0.08,1386.25,1300.53,0.91,-0.00
I (773944) TUNER: 588,1004,-0.00,1292.55,1.29,0.08,1340.08,1292.55,0.94,-0.00
I (773954) TUNER: 589,996,-0.00,1284.57,1.29,0.08,1340.08,1284.57,0.94,-0.00
I (773964) TUNER: 590,1004,-0.00,1276.60,1.28,0.08,1301.42,1276.60,0.97,-0.00
I (773974) TUNER: 591,996,-0.00,1268.62,1.28,0.08,1301.42,1268.62,0.97,-0.00
I (773984) TUNER: 592,1004,-0.00,1260.64,1.26,0.08,1282.53,1260.64,0.96,-0.00
I (773994) TUNER: 593,996,-0.00,1252.66,1.26,0.08,1282.53,1252.66,0.96,-0.00
I (774004) TUNER: 594,1004,-0.00,1244.68,1.24,0.08,1272.56,1244.68,0.93,-0.00
I (774014) TUNER: 595,996,-0.00,1236.70,1.24,0.08,1272.56,1236.70,0.93,-0.00
I (774024) TUNER: 596,1004,-0.00,1228.72,1.23,0.08,1236.24,1228.72,0.95,-0.00
I (774034) TUNER: 597,996,-0.00,1220.74,1.23,0.08,1236.24,1220.74,0.95,-0.00
I (774044) TUNER: 598,1004,-0.00,1212.77,1.21,0.08,1232.96,1212.77,0.91,-0.00
I (774054) TUNER: 599,996,-0.00,1204.79,1.21,0.08,1232.96,1204.79,0.91,-0.00
I (774064) TUNER: 600,1004,-0.00,1196.81,1.20,0.08,1204.56,1196.81,0.92,-0.00
I (774074) TUNER: 601,996,-0.00,1188.83,1.20,0.08,1204.56,1188.83,0.92,-0.00
I (774084) TUNER: 602,1004,-0.00,1180.85,1.18,0.08,1196.45,1180.85,0.89,-0.00
I (774094) TUNER: 603,996,-0.00,1172.87,1.18,0.08,1196.45,1172.87,0.89,-0.00
I (774104) TUNER: 604,1004,-0.00,1164.89,1.16,0.08,1159.03,1164.89,0.92,-0.00
I (774114) TUNER: 605,996,-0.00,1156.91,1.16,0.08,1159.03,1156.91,0.92,-0.00
I (774124) TUNER: 606,1004,-0.00,1148.94,1.15,0.08,1156.58,1148.94,0.87,-0.00
I (774134) TUNER: 607,996,-0.00,1140.96,1.15,0.08,1156.58,1140.96,0.87,-0.00
I (774144) TUNER: 608,1004,-0.00,1132.98,1.13,0.08,1137.45,1132.98,0.87,-0.00
I (774154) TUNER: 609,996,-0.00,1125.00,1.13,0.08,1137.45,1125.00,0.87,-0.00
I (774164) TUNER: 610,1004,-0.00,1117.02,1.12,0.08,1140.18,1117.02,0.81,-0.00
I (774174) TUNER: 611,996,-0.00,1109.04,1.12,0.08,1140.18,1109.04,0.81,-0.00
I (774184) TUNER: 612,1004,-0.00,1101.06,1.10,0.08,1114.87,1101.06,0.81,-0.00
I (774194) TUNER: 613,996,-0.00,1093.09,1.10,0.08,1114.87,1093.09,0.81,-0.00
I (774204) TUNER: 614,1046,-0.00,1085.11,1.09,0.08,1108.02,1085.11,0.78,-0.00
I (774214) TUNER: 615,954,-0.00,1077.13,1.09,0.08,1108.02,1077.13,0.78,-0.00
I (774224) TUNER: 616,1004,-0.00,1069.15,1.07,0.08,1089.21,1069.15,0.77,-0.00
I (774234) TUNER: 617,996,-0.00,1061.17,1.07,0.08,1089.21,1061.17,0.77,-0.00
I (774244) TUNER: 618,1004,-0.00,1053.19,1.05,0.08,1074.96,1053.19,0.75,-0.00
I (774254) TUNER: 619,996,-0.00,1045.21,1.05,0.08,1074.96,1045.21,0.75,-0.00
I (774264) TUNER: 620,1004,-0.00,1037.23,1.04,0.08,1042.94,1037.23,0.76,-0.00
I (774274) TUNER: 621,996,-0.00,1029.26,1.04,0.08,1042.94,1029.26,0.76,-0.00
I (774284) TUNER: 622,1004,-0.00,1021.28,1.02,0.08,1014.75,1021.28,0.77,-0.00
I (774294) TUNER: 623,996,-0.00,1013.30,1.02,0.08,1014.75,1013.30,0.77,-0.00
I (774304) TUNER: 624,1004,-0.00,1005.32,1.01,0.08,1006.80,1005.32,0.74,-0.00
I (774314) TUNER: 625,996,-0.00,997.34,1.01,0.08,1006.80,997.34,0.74,-0.00
I (774324) TUNER: 626,1004,-0.00,989.36,0.99,0.08,984.98,989.36,0.74,-0.00
I (774334) TUNER: 627,996,-0.00,981.38,0.99,0.08,984.98,981.38,0.74,-0.00
I (774344) TUNER: 628,1004,-0.00,973.40,0.97,0.08,970.95,973.40,0.72,-0.00
I (774354) TUNER: 629,996,-0.00,965.43,0.97,0.08,970.95,965.43,0.72,-0.00
I (774364) TUNER: 630,1004,-0.00,957.45,0.96,0.08,952.01,957.45,0.71,-0.00
I (774374) TUNER: 631,996,-0.00,949.47,0.96,0.08,952.01,949.47,0.71,-0.00
I (774384) TUNER: 632,1004,-0.00,941.49,0.94,0.08,932.55,941.49,0.71,-0.00
I (774394) TUNER: 633,996,-0.00,933.51,0.94,0.08,932.55,933.51,0.71,-0.00
I (774404) TUNER: 634,1004,-0.00,925.53,0.93,0.08,930.73,925.53,0.67,-0.00
I (774414) TUNER: 635,996,-0.00,917.55,0.93,0.08,930.73,917.55,0.67,-0.00
I (774424) TUNER: 636,1004,-0.00,909.57,0.91,0.08,913.81,909.57,0.65,-0.00
I (774434) TUNER: 637,996,-0.00,901.60,0.91,0.08,913.81,901.60,0.65,-0.00
I (774444) TUNER: 638,1004,-0.00,893.62,0.89,0.08,897.70,893.62,0.64,-0.00
I (774454) TUNER: 639,996,-0.00,885.64,0.89,0.08,897.70,885.64,0.64,-0.00
I (774464) TUNER: 640,1004,-0.00,877.66,0.88,0.08,862.48,877.66,0.66,-0.00
I (774474) TUNER: 641,996,-0.00,869.68,0.88,0.08,862.48,869.68,0.66,-0.00
I (774484) TUNER: 642,1004,-0.00,861.70,0.86,0.08,830.86,861.70,0.68,-0.00
I (774494) TUNER: 643,996,-0.00,853.72,0.86,0.08,830.86,853.72,0.68,-0.00
I (774504) TUNER: 644,1004,-0.00,845.74,0.85,0.08,818.46,845.74,0.67,-0.00
I (774514) TUNER: 645,996,-0.00,837.77,0.85,0.08,818.46,837.77,0.67,-0.00
I (774524) TUNER: 646,1004,-0.00,829.79,0.83,0.08,806.81,829.79,0.65,-0.00
I (774534) TUNER: 647,996,-0.00,821.81,0.83,0.08,806.81,821.81,0.65,-0.00
I (774544) TUNER: 648,1004,-0.00,813.83,0.81,0.08,797.50,813.83,0.62,-0.00
I (774554) TUNER: 649,996,-0.00,805.85,0.81,0.08,797.50,805.85,0.62,-0.00
I (774564) TUNER: 650,1004,-0.00,797.87,0.80,0.08,791.77,797.87,0.59,-0.00
I (774574) TUNER: 651,996,-0.00,789.89,0.80,0.08,791.77,789.89,0.59,-0.00
I (774584) TUNER: 652,1004,-0.00,781.91,0.78,0.08,764.84,781.91,0.60,-0.00
I (774594) TUNER: 653,996,-0.00,773.94,0.78,0.08,764.84,773.94,0.60,-0.00
I (774604) TUNER: 654,1004,-0.00,765.96,0.77,0.08,733.00,765.96,0.62,-0.00
I (774614) TUNER: 655,996,-0.00,757.98,0.77,0.08,733.00,757.98,0.62,-0.00
I (774624) TUNER: 656,1004,-0.00,750.00,0.75,0.08,730.72,750.00,0.58,-0.00
I (774634) TUNER: 657,996,-0.00,742.02,0.75,0.08,730.72,742.02,0.58,-0.00
I (774644) TUNER: 658,1004,-0.00,734.04,0.73,0.08,730.61,734.04,0.54,-0.00
I (774654) TUNER: 659,996,-0.00,726.06,0.73,0.08,730.61,726.06,0.54,-0.00
I (774664) TUNER: 660,1004,-0.00,718.09,0.72,0.08,709.90,718.09,0.53,-0.00
I (774674) TUNER: 661,996,-0.00,710.11,0.72,0.08,709.90,710.11,0.53,-0.00
I (774684) TUNER: 662,1004,-0.00,702.13,0.70,0.08,697.64,702.13,0.51,-0.00
I (774694) TUNER: 663,996,-0.00,694.15,0.70,0.08,697.64,694.15,0.51,-0.00
I (774704) TUNER: 664,1004,-0.00,686.17,0.69,0.08,678.37,686.17,0.50,-0.00
I (774714) TUNER: 665,996,-0.00,678.19,0.69,0.08,678.37,678.19,0.50,-0.00
I (774724) TUNER: 666,1004,-0.00,670.21,0.67,0.08,653.51,670.21,0.51,-0.00
I (774734) TUNER: 667,996,-0.00,662.23,0.67,0.08,653.51,662.23,0.51,-0.00
I (774744) TUNER: 668,1004,-0.00,654.26,0.65,0.08,622.46,654.26,0.53,-0.00
I (774754) TUNER: 669,996,-0.00,646.28,0.65,0.08,622.46,646.28,0.53,-0.00
I (774764) TUNER: 670,1004,-0.00,638.30,0.64,0.08,607.06,638.30,0.52,-0.00
I (774774) TUNER: 671,996,-0.00,630.32,0.64,0.08,607.06,630.32,0.52,-0.00
I (774784) TUNER: 672,1004,-0.00,622.34,0.62,0.08,593.89,622.34,0.50,-0.00
I (774794) TUNER: 673,996,-0.00,614.36,0.62,0.08,593.89,614.36,0.50,-0.00
I (774804) TUNER: 674,1004,-0.00,606.38,0.61,0.08,577.34,606.38,0.49,-0.00
I (774814) TUNER: 675,996,-0.00,598.40,0.61,0.08,577.34,598.40,0.49,-0.00
I (774824) TUNER: 676,1004,-0.00,590.43,0.59,0.08,565.81,590.43,0.47,-0.00
I (774834) TUNER: 677,996,-0.00,582.45,0.59,0.08,565.81,582.45,0.47,-0.00
I (774844) TUNER: 678,1004,-0.00,574.47,0.57,0.08,560.89,574.47,0.44,-0.00
I (774854) TUNER: 679,996,-0.00,566.49,0.57,0.08,560.89,566.49,0.44,-0.00
I (774864) TUNER: 680,1004,-0.00,558.51,0.56,0.08,549.22,558.51,0.42,-0.00
I (774874) TUNER: 681,996,-0.00,550.53,0.56,0.08,549.22,550.53,0.42,-0.00
I (774884) TUNER: 682,1004,-0.00,542.55,0.54,0.08,530.43,542.55,0.41,-0.00
I (774894) TUNER: 683,996,-0.00,534.57,0.54,0.08,530.43,534.57,0.41,-0.00
I (774904) TUNER: 684,1004,-0.00,526.60,0.53,0.08,492.21,526.60,0.44,-0.00
I (774914) TUNER: 685,996,-0.00,518.62,0.53,0.08,492.21,518.62,0.44,-0.00
I (774924) TUNER: 686,1004,-0.00,510.64,0.51,0.08,453.90,510.64,0.48,-0.00
I (774934) TUNER: 687,996,-0.00,502.66,0.51,0.08,453.90,502.66,0.48,-0.00
I (774944) TUNER: 688,1004,-0.00,494.68,0.49,0.08,418.95,494.68,0.51,-0.00
I (774954) TUNER: 689,996,-0.00,486.70,0.49,0.08,418.95,486.70,0.51,-0.00
I (774964) TUNER: 690,1004,-0.00,478.72,0.48,0.08,397.01,478.72,0.52,-0.00
I (774974) TUNER: 691,996,-0.00,470.74,0.48,0.08,397.01,470.74,0.52,-0.00
I (774984) TUNER: 692,1004,-0.00,462.77,0.46,0.08,377.74,462.77,0.53,-0.00
I (774994) TUNER: 693,996,-0.00,454.79,0.46,0.08,377.74,454.79,0.53,-0.00
I (775004) TUNER: 694,1004,-0.00,446.81,0.45,0.08,364.04,446.81,0.52,-0.00
I (775014) TUNER: 695,996,-0.00,438.83,0.45,0.08,364.04,438.83,0.52,-0.00
I (775024) TUNER: 696,1004,-0.00,430.85,0.43,0.08,363.39,430.85,0.48,-0.00
I (775034) TUNER: 697,996,-0.00,422.87,0.43,0.08,363.39,422.87,0.48,-0.00
I (775044) TUNER: 698,1004,-0.00,414.89,0.41,0.08,359.44,414.89,0.45,-0.00
I (775054) TUNER: 699,1043,-0.00,406.91,0.41,0.08,360.03,406.91,0.43,-0.00
I (775064) TUNER: 700,953,-0.00,398.94,0.41,0.08,360.03,398.94,0.43,-0.00
I (775074) TUNER: 701,1004,-0.00,390.96,0.39,0.08,360.89,390.96,0.39,-0.00
I (775084) TUNER: 702,996,-0.00,382.98,0.39,0.08,360.89,382.98,0.39,-0.00
I (775094) TUNER: 703,1004,-0.00,375.00,0.38,0.08,363.45,375.00,0.34,-0.00
I (775104) TUNER: 704,996,-0.00,367.02,0.38,0.08,363.45,367.02,0.34,-0.00
I (775114) TUNER: 705,1004,-0.00,359.04,0.36,0.08,367.21,359.04,0.29,-0.00
I (775124) TUNER: 706,996,-0.00,351.06,0.36,0.08,367.21,351.06,0.29,-0.00
I (775134) TUNER: 707,1004,-0.00,343.09,0.34,0.08,357.34,343.09,0.26,-0.00
I (775144) TUNER: 708,996,-0.00,335.11,0.34,0.08,357.34,335.11,0.26,-0.00
I (775154) TUNER: 709,1004,-0.00,327.13,0.33,0.08,333.98,327.13,0.26,-0.00
I (775164) TUNER: 710,996,-0.00,319.15,0.33,0.08,333.98,319.15,0.26,-0.00
I (775174) TUNER: 711,1004,-0.00,311.17,0.31,0.08,296.39,311.17,0.29,-0.00
I (775184) TUNER: 712,996,-0.00,303.19,0.31,0.08,296.39,303.19,0.29,-0.00
I (775194) TUNER: 713,1004,-0.00,295.21,0.30,0.08,261.16,295.21,0.32,-0.00
I (775204) TUNER: 714,996,-0.00,287.23,0.30,0.08,261.16,287.23,0.32,-0.00
I (775214) TUNER: 715,1004,-0.00,279.26,0.28,0.08,226.11,279.26,0.35,-0.00
I (775224) TUNER: 716,996,-0.00,271.28,0.28,0.08,226.11,271.28,0.35,-0.00
I (775234) TUNER: 717,1004,-0.00,263.30,0.26,0.08,195.49,263.30,0.37,0.00
I (775244) TUNER: 718,996,-0.00,255.32,0.26,0.08,195.49,255.32,0.37,0.00
I (775254) TUNER: 719,1004,-0.00,247.34,0.25,0.08,170.14,247.34,0.39,0.00
I (775264) TUNER: 720,996,-0.00,239.36,0.25,0.08,170.14,239.36,0.39,0.00
I (775274) TUNER: 721,1004,-0.00,231.38,0.23,0.08,147.28,231.38,0.40,0.00
I (775284) TUNER: 722,996,-0.00,223.40,0.23,0.08,147.28,223.40,0.40,0.00
I (775294) TUNER: 723,1004,-0.00,215.43,0.22,0.08,127.27,215.43,0.40,0.00
I (775304) TUNER: 724,996,-0.00,207.45,0.22,0.08,127.27,207.45,0.40,0.00
I (775314) TUNER: 725,1004,-0.00,199.47,0.20,0.08,109.55,199.47,0.40,0.00
I (775324) TUNER: 726,996,-0.00,191.49,0.20,0.08,109.55,191.49,0.40,0.00
I (775334) TUNER: 727,1004,-0.00,183.51,0.18,0.08,93.65,183.51,0.40,0.00
I (775344) TUNER: 728,996,-0.00,175.53,0.18,0.08,93.65,175.53,0.40,0.00
I (775354) TUNER: 729,1004,-0.00,167.55,0.17,0.08,86.95,167.55,0.38,0.00
I (775364) TUNER: 730,996,-0.00,159.57,0.17,0.08,86.95,159.57,0.38,0.00
I (775374) TUNER: 731,1004,-0.00,151.60,0.15,0.08,80.73,151.60,0.36,0.00
I (775384) TUNER: 732,996,-0.00,143.62,0.15,0.08,80.73,143.62,0.36,0.00
I (775394) TUNER: 733,1004,-0.00,135.64,0.14,0.08,74.03,135.64,0.33,0.00
I (775404) TUNER: 734,996,-0.00,127.66,0.14,0.08,74.03,127.66,0.33,0.00
I (775414) TUNER: 735,1004,-0.00,119.68,0.12,0.08,67.81,119.68,0.31,0.00
I (775424) TUNER: 736,996,-0.00,111.70,0.12,0.08,67.81,111.70,0.31,0.00
I (775434) TUNER: 737,1004,-0.00,103.72,0.10,0.08,61.98,103.72,0.28,0.00
I (775444) TUNER: 738,996,-0.00,95.74,0.10,0.08,61.98,95.74,0.28,0.00
I (775454) TUNER: 739,1004,-0.00,87.77,0.09,0.08,56.46,87.77,0.25,0.00
I (775464) TUNER: 740,996,-0.00,79.79,0.09,0.08,56.46,79.79,0.25,0.00
I (775474) TUNER: 741,1004,-0.00,71.81,0.07,0.08,48.60,71.81,0.22,0.00
I (775484) TUNER: 742,996,-0.00,63.83,0.07,0.08,48.60,63.83,0.22,0.00
I (775494) TUNER: 743,1004,-0.00,55.85,0.06,0.08,40.60,55.85,0.20,0.00
I (775504) TUNER: 744,996,-0.00,47.87,0.06,0.08,40.60,47.87,0.20,0.00
I (775514) TUNER: 745,1003,-0.00,39.89,0.04,0.08,32.48,39.89,0.17,0.00
I (775524) TUNER: 746,997,-0.00,31.91,0.04,0.08,32.48,31.91,0.17,0.00
I (775534) TUNER: 747,1003,-0.00,23.94,0.02,0.08,25.98,23.94,0.13,0.00
I (775544) TUNER: 748,997,-0.00,15.96,0.02,0.08,25.98,15.96,0.13,0.00
I (775554) TUNER: 749,1003,-0.00,7.98,0.01,0.08,20.79,7.98,0.10,0.00
I (775564) TUNER: --- CSV END ---