02:12:24.486 [TLM] --- TELEMETRY START (812 samples) ---
02:12:24.488 [TLM] Time_ms,Dist_mm,X_mm,Y_mm,Yaw_mrad,VelL_mmps,VelR_mmps,LinePos,PidLine,PidLSet,PidRSet,PidLOut,PidROut,Bat_dv,Markers,F
02:12:24.488 [TLM] 32031,19,19,0,0,1810,1876,0,-3,2147,2140,12000,10823,125,32,8
02:12:24.490 [SMA] Transition: [telemetry] -> [full_stop]
02:12:24.490 [TLM] 32041,53,53,0,-9,2781,2810,0,-58,2258,2141,-298,-4377,125,32,9
02:12:24.520 [TLM] 32051,75,75,0,-27,2408,2349,0,-5,2205,2194,3046,3166,125,32,8
02:12:24.521 [TLM] 32061,98,98,-1,-26,2200,2446,0,-433,2633,1766,11083,-3497,125,32,6
02:12:24.555 [TLM] 32071,122,122,-1,-23,2402,2302,0,108,2091,2308,-412,4557,125,32,8
02:12:24.592 [TLM] 32081,144,144,-2,-9,2274,2277,0,0,2200,2199,2620,3003,125,32,3
02:12:24.592 [TLM] 32091,166,166,-2,-3,2193,2243,0,0,2199,2200,3958,3164,125,32,10
02:12:24.625 [TLM] 32101,187,187,-2,-4,2229,2258,0,0,2200,2199,3085,2479,125,32,5
02:12:24.625 [TLM] 32111,209,209,-2,-5,2282,2233,0,0,2200,2199,2184,2662,125,32,7
02:12:24.660 [TLM] 32121,234,233,-2,-6,2216,2228,0,-6,2206,2193,2965,2517,125,32,6
02:12:24.662 [TLM] 32131,256,256,-2,-8,2197,2215,0,1,2198,2201,2575,2351,125,32,6
02:12:24.696 [TLM] 32141,278,278,-3,-10,2231,2220,0,1,2198,2201,2401,2517,125,32,3
02:12:24.731 [TLM] 32151,300,300,-3,-10,2170,2209,0,6,2193,2206,2018,2331,125,32,10
02:12:24.731 [TLM] 32161,320,320,-3,-10,2235,2232,0,0,2200,2199,2212,2248,125,32,6
02:12:24.766 [TLM] 32171,344,344,-3,-11,2137,2190,0,-1,2201,2198,3532,2741,125,16416,11
02:12:24.767 [TLM] 32181,364,364,-4,-13,2196,2236,0,-15,2215,2184,2899,1974,125,16416,7
02:12:24.801 [TLM] 32191,388,388,-4,-1,1920,2497,-5,945,1254,3145,-8668,12000,125,160,8
02:12:24.802 [TLM] 32201,411,411,-3,74,1685,2724,-6,403,1796,2603,2238,2402,125,160,9
02:12:24.836 [TLM] 32211,432,432,0,139,1710,2616,-6,409,1790,2609,2442,3766,125,160,8
02:12:24.874 [TLM] 32221,451,451,2,217,994,2970,-15,1038,1161,3238,-2,11916,125,160,6
02:12:24.874 [TLM] 32231,474,472,8,349,980,3549,-16,1020,1179,3220,1027,3043,125,160,5
02:12:24.905 [TLM] 32241,496,493,18,532,940,3294,-15,1021,1178,3221,2424,5862,125,16544,0
02:12:24.905 [TLM] 32251,515,508,29,688,667,3452,-19,1343,856,3543,1400,8717,125,16544,2
02:12:24.940 [TLM] 32261,539,525,46,888,1011,2881,-16,1201,998,3401,506,12000,125,288,3
02:12:24.940 [TLM] 32271,562,537,66,1056,1020,3852,-12,-1249,3449,950,12000,-12000,125,288,4
02:12:24.975 [TLM] 32281,583,546,85,1212,1159,2749,-12,809,1390,3009,6357,7268,125,288,3
02:12:25.010 [TLM] 32291,605,552,106,1327,1980,2405,-8,509,1690,2709,1678,6479,125,288,3
02:12:25.011 [TLM] 32301,626,556,126,1398,1424,2971,-9,843,1356,3043,2404,4955,125,288,5
02:12:25.045 [TLM] 32311,644,559,144,1478,1833,2020,-5,272,1927,2472,7396,9477,125,288,5
02:12:25.046 [TLM] 32321,670,560,170,1529,2036,2430,-4,288,1911,2488,4061,4250,125,288,5
02:12:25.081 [TLM] 32331,692,561,192,1559,1850,2498,-5,-319,2519,1880,12000,-4223,125,288,8
02:12:25.081 [TLM] 32341,714,561,214,1583,1999,2536,-3,200,1999,2400,5233,2217,125,288,7
02:12:25.115 [TLM] 32351,737,560,237,1595,2188,2291,-2,158,2041,2358,3258,4221,125,288,7
02:12:25.152 [TLM] 32361,760,560,260,1594,2206,2371,-2,142,2057,2342,2641,3124,125,288,8
02:12:25.152 [TLM] 32371,780,559,280,1599,2056,2392,-3,198,2001,2398,2973,3914,125,288,8
02:12:25.191 [TLM] 32381,804,558,304,1616,2317,2072,0,2,2197,2202,2812,4429,125,288,8
02:12:25.191 [TLM] 32391,824,557,324,1616,2271,2178,0,-1,2201,2198,3293,2953,125,288,8
02:12:25.220 [TLM] 32401,848,556,348,1594,2476,1860,0,0,2200,2199,69,7299,125,288,8
02:12:25.220 [TLM] 32411,870,556,370,1589,2205,2188,0,0,2199,2200,3450,3332,125,288,8
02:12:25.258 [TLM] 32421,893,555,392,1590,2231,2206,0,0,2200,2199,3043,3041,125,288,9
02:12:25.291 [TLM] 32431,915,555,415,1589,2242,2242,0,7,2192,2207,2635,2572,125,288,8
02:12:25.291 [TLM] 32441,937,555,437,1587,2254,2215,0,-121,2321,2078,4284,909,125,288,9
02:12:25.327 [TLM] 32451,959,554,459,1578,2240,2121,0,-57,2257,2142,3499,2862,125,288,8
02:12:25.327 [TLM] 32461,979,554,479,1575,2189,2209,0,-3,2203,2196,3194,2724,125,288,8
02:12:25.359 [TLM] 32471,1004,554,504,1575,2174,2269,0,-233,2433,1966,6691,-1612,125,288,8
02:12:25.360 [TLM] 32481,1025,554,525,1559,2280,2046,0,229,1970,2429,-1507,8202,125,288,8
02:12:25.395 [TLM] 32491,1048,554,547,1559,2163,2198,0,-5,2205,2194,3490,3078,125,288,8
02:12:25.431 [TLM] 32501,1070,555,570,1561,2189,2259,0,-3,2203,2196,3068,2115,125,288,8
02:12:25.431 [TLM] 32511,1092,555,592,1559,2244,2250,0,-1,2201,2198,2265,2154,125,288,8
02:12:25.466 [TLM] 32521,1114,555,614,1556,2212,2182,0,1,2198,2201,2553,3029,125,288,8
02:12:25.467 [TLM] 32531,1136,555,636,1556,2239,2191,0,-6,2206,2193,2270,2735,125,288,8
02:12:25.502 [TLM] 32541,1156,556,656,1556,2155,2213,0,-1,2201,2198,3314,2598,125,288,7
02:12:25.502 [TLM] 32551,1180,556,680,1557,2215,2206,0,-1,2201,2198,2573,2674,125,288,8
02:12:25.536 [TLM] 32561,1202,556,702,1557,2230,2194,0,-4,2204,2195,2425,2798,125,288,8
02:12:25.572 [TLM] 32571,1224,557,724,1558,2216,2190,0,-1,2201,2198,2541,2885,125,288,6
02:12:25.572 [TLM] 32581,1246,557,746,1558,2171,2153,0,0,2199,2200,3208,3354,125,288,8
02:12:25.606 [TLM] 32591,1268,557,768,1559,2239,2208,0,0,2199,2200,2182,2667,125,288,8
02:12:25.606 [TLM] 32601,1288,557,788,1559,2184,2186,0,-71,2271,2128,4204,1711,125,288,8
02:12:25.642 [TLM] 32611,1310,558,810,1553,2145,2158,0,-2,2202,2197,3507,3235,125,288,8
02:12:25.642 [TLM] 32621,1332,558,832,1553,2131,2173,0,-19,2219,2180,3904,2865,125,16672,10
02:12:25.676 [TLM] 32631,1356,559,856,1528,2621,1791,6,-651,2851,1548,8103,-2807,125,416,8
02:12:25.713 [TLM] 32641,1378,561,878,1456,2609,1656,6,-414,2614,1785,4203,2759,125,416,8
02:12:25.714 [TLM] 32651,1398,563,897,1400,2668,1651,12,-1051,3251,1148,12000,-7824,125,416,8
02:12:25.747 [TLM] 32661,1422,569,920,1279,3145,1289,13,-1158,3358,1041,10162,-4544,125,416,8
02:12:25.748 [TLM] 32671,1441,576,938,1145,3651,906,14,-385,2585,1814,-6945,11529,125,416,9
02:12:25.781 [TLM] 32681,1463,587,957,991,3319,939,20,-1632,3832,567,12000,-6343,125,416,10
02:12:25.782 [TLM] 32691,1485,601,975,812,4215,377,22,-1603,3803,596,3841,513,125,416,20
02:12:25.817 [TLM] 32701,1507,618,989,590,3018,1117,17,-751,2951,1448,5552,5219,125,416,15
02:12:25.853 [TLM] 32711,1529,637,999,415,3492,643,16,-1029,3229,1170,3348,6965,125,16800,13
02:12:25.854 [TLM] 32721,1549,656,1005,250,2851,1361,11,-457,2657,1742,2818,9232,125,544,15
02:12:25.886 [TLM] 32731,1572,678,1009,124,2995,1255,12,-1033,3233,1166,9417,1492,125,544,14
02:12:25.887 [TLM] 32741,1592,699,1010,3,3010,1147,15,-1706,3906,493,12000,-5829,125,672,16
02:12:25.921 [TLM] 32751,1614,721,1009,-113,3441,1183,17,-1414,3614,785,10436,-1884,125,672,3
02:12:25.922 [TLM] 32761,1634,740,1005,-241,3612,874,19,-1055,3255,1144,2858,6402,125,672,14
02:12:25.956 [TLM] 32771,1659,764,997,-415,3388,922,19,-1236,3436,963,7918,2270,125,672,14
02:12:25.992 [TLM] 32781,1681,783,986,-575,3383,972,18,-1006,3206,1193,5055,5480,125,672,14
02:12:25.993 [TLM] 32791,1702,800,974,-715,3323,1118,18,-1243,3443,956,8893,-294,125,672,13
02:12:26.026 [TLM] 32801,1725,815,957,-894,3037,1150,16,-1101,3301,1098,10032,2059,125,672,13
02:12:26.027 [TLM] 32811,1745,827,940,-1032,3386,884,16,-756,2956,1443,816,10240,125,17056,13
02:12:26.063 [TLM] 32821,1773,839,915,-1185,2700,2295,11,-326,2526,1873,2248,-1518,125,928,7
02:12:26.064 [TLM] 32831,1792,845,897,-1292,3376,881,12,-829,3029,1370,1258,10817,125,928,10
02:12:26.097 [TLM] 32841,1813,849,876,-1390,2916,1376,12,-747,2947,1452,6086,5214,125,928,10
02:12:26.135 [TLM] 32851,1835,852,854,-1457,2115,2215,6,-405,2605,1794,10015,854,125,928,11
02:12:26.136 [TLM] 32861,1857,854,833,-1480,2294,2090,0,2,2197,2202,323,8830,125,928,10
02:12:26.166 [TLM] 32871,1881,857,809,-1444,1409,2987,-9,1336,863,3536,-8814,12000,125,928,10
02:12:26.167 [TLM] 32881,1901,860,789,-1348,1255,3239,-14,1764,435,3964,-12000,12000,125,928,10
02:12:26.202 [TLM] 32891,1925,868,766,-1174,877,3829,-17,1204,995,3404,-420,5507,125,928,12
02:12:26.203 [TLM] 32901,1947,878,747,-989,859,3371,-19,1413,786,3613,-2504,12000,125,928,11
02:12:26.236 [TLM] 32911,1971,894,729,-795,606,4184,-19,799,1400,2999,10219,-6712,125,928,11
02:12:26.273 [TLM] 32921,1989,908,717,-615,1368,2769,-15,590,1609,2790,5072,7413,125,928,12
02:12:26.273 [TLM] 32931,2010,926,707,-491,1520,2925,-12,816,1383,3016,739,8124,125,928,11
02:12:26.306 [TLM] 32941,2035,949,696,-379,1906,2558,-6,397,1802,2597,4926,1693,100,928,9
02:12:26.307 [TLM] 32951,2056,969,689,-352,1998,2765,-6,416,1783,2616,1725,1925,100,928,8
02:12:26.341 [TLM] 32961,2079,990,681,-322,2289,1916,0,-8,2208,2191,5486,5287,100,928,4
02:12:26.341 [TLM] 32971,2103,1012,674,-360,2982,1583,6,-405,2605,1794,2563,2887,100,928,4
02:12:26.375 [TLM] 32981,2124,1032,665,-441,2779,1537,9,-1527,3727,672,12000,-12000,100,928,2
02:12:26.411 [TLM] 32991,2147,1052,654,-559,3605,1127,13,-971,3171,1228,6021,448,100,928,3
02:12:26.412 [TLM] 33001,2169,1070,641,-725,3470,836,15,-1017,3217,1182,4273,3778,100,928,2
02:12:26.446 [TLM] 33011,2191,1084,625,-900,3415,946,15,-820,3020,1379,1189,5948,100,928,7
02:12:26.447 [TLM] 33021,2214,1097,605,-1058,2996,1832,12,-816,3016,1383,5482,-4304,100,17312,5
02:12:26.481 [TLM] 33031,2235,1106,586,-1201,3062,1177,9,400,1799,2600,-12000,12000,100,1056,6
02:12:26.481 [TLM] 33041,2254,1111,568,-1319,1928,2180,0,751,1448,2951,-5212,12000,100,1056,11
02:12:26.516 [TLM] 33051,2277,1116,546,-1355,2183,2320,0,158,2041,2358,367,7691,100,1056,8
02:12:26.551 [TLM] 33061,2298,1121,525,-1353,1042,3086,-6,454,1745,2654,10626,2089,100,1056,17
02:12:26.552 [TLM] 33071,2319,1126,505,-1311,998,3076,-15,2295,-95,4495,-12000,12000,100,1056,16
02:12:26.586 [TLM] 33081,2344,1134,481,-1185,472,4093,-22,1430,769,3630,1866,4754,100,1056,12
02:12:26.586 [TLM] 33091,2364,1143,464,-1020,639,3761,-22,1435,764,3635,-335,8125,100,1056,14
02:12:26.622 [TLM] 33101,2390,1159,443,-794,631,3875,-22,1374,825,3574,1314,3797,100,1056,14
02:12:26.623 [TLM] 33111,2413,1177,429,-587,760,4035,-19,1175,1024,3375,4084,-2968,100,1056,14
02:12:26.656 [TLM] 33121,2432,1194,420,-425,1219,2752,-12,798,1401,2998,6335,5319,100,1056,12
02:12:26.691 [TLM] 33131,2457,1217,411,-323,2464,2062,-6,181,2018,2381,-1416,5319,100,1056,11
02:12:26.692 [TLM] 33141,2477,1237,405,-253,1977,2310,0,-1350,3550,849,12000,-12000,100,1056,9
02:12:26.726 [TLM] 33151,2499,1258,400,-229,2488,2055,3,-873,3073,1326,12000,-10163,100,1056,5
02:12:26.727 [TLM] 33161,2521,1279,395,-276,2927,1605,6,-418,2618,1781,3589,2236,100,1056,254
02:12:26.761 [TLM] 33171,2542,1299,388,-353,2905,1249,9,-667,2867,1532,7890,3221,100,1056,1
02:12:26.762 [TLM] 33181,2563,1318,380,-467,3654,1030,14,-1054,3254,1145,3989,533,100,1056,1
02:12:26.796 [TLM] 33191,2587,1338,367,-633,3357,938,16,-1031,3231,1168,6403,2406,100,1056,0
02:12:26.831 [TLM] 33201,2609,1355,353,-791,3448,776,22,-1632,3832,567,12000,-5317,100,1056,0
02:12:26.831 [TLM] 33211,2630,1368,336,-966,3842,966,19,-1228,3428,971,2610,-84,100,1056,0
02:12:26.868 [TLM] 33221,2652,1379,316,-1153,3103,1084,12,-622,2822,1577,1052,9083,100,17440,0
02:12:26.871 [TLM] 33231,2671,1385,298,-1272,3028,1219,9,202,1997,2402,-9051,12000,100,1184,0
02:12:26.904 [TLM] 33241,2697,1391,273,-1384,2378,2599,2,498,1701,2698,-6085,7502,100,1184,2
02:12:26.904 [TLM] 33251,2719,1395,251,-1422,2126,2701,0,421,1778,2621,-2091,5126,100,1184,10
02:12:26.937 [TLM] 33261,2740,1398,231,-1403,1626,2697,-8,952,1247,3152,-5953,12000,100,1184,14
02:12:26.970 [TLM] 33271,2766,1403,206,-1317,1381,3579,-11,905,1294,3105,-1727,1701,100,1184,12
02:12:26.971 [TLM] 33281,2781,1408,191,-1208,503,3347,-17,1513,686,3713,708,12000,100,1184,14
02:12:27.005 [TLM] 33291,2809,1420,166,-1030,526,4178,-22,1722,477,3922,-5908,5536,100,1184,14
02:12:27.006 [TLM] 33301,2832,1435,148,-830,885,4015,-22,1389,810,3589,-1937,4695,100,1184,15
02:12:27.042 [TLM] 33311,2851,1449,136,-640,1333,2706,-15,1006,1193,3206,69,12000,100,1184,17
02:12:27.043 [TLM] 33321,2874,1468,124,-502,1243,3002,-13,711,1488,2911,6588,3333,100,1184,16
02:12:27.079 [TLM] 33331,2898,1490,113,-400,1574,3447,-13,817,1382,3017,393,-734,100,1184,159
02:12:27.112 [TLM] 33341,2916,1507,107,-311,1534,2733,-12,816,1383,3016,915,8315,100,1184,131
02:12:27.112 [TLM] 33351,2941,1531,101,-205,1310,3001,-12,813,1386,3013,4858,-302,100,1184,141
02:12:27.146 [TLM] 33361,2960,1549,98,-132,2679,1729,-6,400,1799,2600,-7368,12000,100,1184,98
02:12:27.147 [TLM] 33371,2985,1575,96,-30,1605,2874,0,-816,3016,1383,12000,-12000,100,1184,196
02:12:27.180 [TLM] 33381,3001,1591,96,39,2673,1303,6,-923,3123,1276,12000,194,100,1184,94
02:12:27.182 [TLM] 33391,3027,1616,97,57,2271,1816,6,-404,2604,1795,11063,1069,100,1184,146
02:12:27.216 [TLM] 33401,3050,1640,99,50,2824,1728,6,-375,2575,1824,3024,2676,100,17568,15
02:12:27.252 [TLM] 33411,3072,1661,99,30,2262,2217,3,-203,2403,1996,7732,967,100,1312,3
02:12:27.289 [TLM] 33421,3092,1681,100,2,2712,1734,6,-405,2605,1794,5233,2010,100,1312,204
02:12:27.289 [TLM] 33431,3117,1706,99,-69,2552,1967,4,-68,2268,2131,1377,4546,100,1312,150
02:12:27.289 [TLM] 33441,3137,1727,97,-118,2674,1765,4,-240,2440,1959,2340,3808,100,1312,53
02:12:27.323 [TLM] 33451,3161,1750,93,-183,2044,2359,3,-525,2725,1674,12000,-6959,100,1312,159
02:12:27.324 [TLM] 33461,3184,1772,88,-245,2625,1879,2,379,1820,2579,-7123,12000,100,1312,72
02:12:27.355 [TLM] 33471,3205,1793,83,-288,2517,1794,5,-928,3128,1271,12000,-5921,100,1312,68
02:12:27.391 [TLM] 33481,3226,1813,76,-360,1973,2292,0,-12,2212,2187,5799,2959,100,1312,136
02:12:27.391 [TLM] 33491,3243,1829,70,-382,2551,1198,6,-407,2607,1792,6914,9641,100,1312,155
02:12:27.427 [TLM] 33501,3271,1854,58,-450,2071,2488,4,-782,2982,1417,12000,-11761,100,1312,254
02:12:27.428 [TLM] 33511,3290,1871,49,-508,2841,1665,3,482,1717,2682,-10036,12000,100,1312,175
02:12:27.461 [TLM] 33521,3313,1891,37,-566,2652,1394,6,-410,2610,1789,5242,7460,100,1312,250
02:12:27.461 [TLM] 33531,3337,1910,24,-634,2778,1769,6,-410,2610,1789,2996,3009,100,1312,224
02:12:27.497 [TLM] 33541,3359,1928,10,-696,2692,1870,6,-407,2607,1792,3828,1733,100,1312,140
02:12:27.532 [TLM] 33551,3381,1944,-4,-756,2678,1812,6,-405,2605,1794,3564,2272,100,1312,121
02:12:27.569 [TLM] 33561,3404,1960,-20,-816,2751,1832,6,-408,2608,1791,2353,1773,100,1312,139
02:12:27.570 [TLM] 33571,3427,1975,-37,-877,2693,1822,6,-418,2618,1781,3078,1523,100,1312,7
02:12:27.570 [TLM] 33581,3447,1987,-53,-933,2633,1824,6,-410,2610,1789,3349,1512,100,1312,28
02:12:27.604 [TLM] 33591,3472,2001,-74,-1000,2687,1849,6,-552,2752,1647,4530,-955,100,1312,118
02:12:27.604 [TLM] 33601,3494,2013,-93,-1072,2542,1941,6,-405,2605,1794,3988,-86,100,1312,164
02:12:27.637 [TLM] 33611,3516,2023,-113,-1137,2638,1697,7,-676,2876,1523,6744,-1302,100,1312,93
02:12:27.672 [TLM] 33621,3538,2031,-133,-1207,2620,1742,6,-426,2626,1773,3374,2031,100,1312,57
02:12:27.672 [TLM] 33631,3559,2037,-153,-1297,2855,1412,6,309,1890,2509,-9717,12000,100,1312,8
02:12:27.706 [TLM] 33641,3579,2042,-172,-1384,2600,1852,6,-414,2614,1785,4622,715,100,17696,152
02:12:27.707 [TLM] 33651,3599,2044,-192,-1469,1967,2180,0,235,1964,2435,1552,7963,100,1440,89
02:12:27.744 [TLM] 33661,3624,2046,-217,-1516,2598,1827,2,148,2051,2348,-3770,9931,100,1440,147
02:12:27.745 [TLM] 33671,3646,2047,-239,-1566,1896,2518,0,0,2200,2199,6667,-300,100,17824,223
02:12:27.777 [TLM] 33681,3668,2047,-261,-1597,2225,2116,0,2,2197,2202,2373,5188,100,1568,127
02:12:27.811 [TLM] 33691,3691,2046,-284,-1617,2205,2296,2,-928,3128,1271,12000,-11646,100,1568,207
02:12:27.812 [TLM] 33701,3711,2044,-304,-1664,3164,1459,6,-409,2609,1790,-2498,5772,100,1568,57
02:12:27.846 [TLM] 33711,3733,2041,-326,-1732,2622,1688,6,-411,2611,1788,3972,3032,100,1568,96
02:12:27.847 [TLM] 33721,3757,2037,-349,-1821,3163,1008,12,-821,3021,1378,6057,3345,100,1568,163
02:12:27.882 [TLM] 33731,3777,2030,-368,-1937,3244,1212,12,-819,3019,1380,3121,2271,100,1568,11
02:12:27.883 [TLM] 33741,3801,2020,-390,-2080,3162,1166,15,-1572,3772,627,12000,-9441,100,1568,243
02:12:27.917 [TLM] 33751,3823,2007,-408,-2243,3300,1078,16,-1095,3295,1104,6062,251,100,1568,83
02:12:27.952 [TLM] 33761,3845,1992,-424,-2415,3533,929,16,-679,2879,1520,-3595,8701,100,1568,112
02:12:27.953 [TLM] 33771,3866,1975,-437,-2565,3524,671,19,-1238,3438,961,11119,-3068,100,1568,237
02:12:27.988 [TLM] 33781,3887,1957,-446,-2719,3253,955,8,-1193,3393,1006,6641,3061,100,1568,29
02:12:27.989 [TLM] 33791,3905,1940,-452,-2836,1340,2188,19,-4000,6200,-1800,12000,-12000,100,17952,150
02:12:28.020 [TLM] 33801,3926,1920,-458,-2939,3184,1220,19,-1220,3420,979,12000,-600,100,1696,246
02:12:28.022 [TLM] 33811,3944,1902,-460,-3065,2416,1554,12,-566,2766,1633,12000,5978,100,1696,15
02:12:28.057 [TLM] 33821,3972,1873,-460,-3173,2771,2020,6,-404,2604,1795,3446,2871,100,1696,159
02:12:28.091 [TLM] 33831,3995,1850,-459,-3242,2871,1744,6,-405,2605,1794,1813,5360,100,1696,28
02:12:28.092 [TLM] 33841,4014,1832,-456,-3290,1710,2217,1,-32,2232,2167,9611,6059,100,1696,40
02:12:28.126 [TLM] 33851,4041,1805,-452,-3306,2697,2127,1,176,2023,2376,-4880,8496,100,1696,163
02:12:28.126 [TLM] 33861,4061,1785,-448,-3314,2134,2350,0,6,2193,2206,3779,2924,100,1696,195
02:12:28.161 [TLM] 33871,4085,1762,-444,-3310,2240,2148,0,0,2200,2199,2715,5264,100,1696,88
02:12:28.162 [TLM] 33881,4107,1741,-441,-3303,2202,2443,0,4,2195,2204,3107,1042,100,1696,112
02:12:28.195 [TLM] 33891,4131,1717,-437,-3300,2298,2268,0,276,1923,2476,-2225,6809,100,1696,200
02:12:28.233 [TLM] 33901,4151,1697,-434,-3267,1425,2633,0,-10,2210,2189,12000,-2902,100,50848,138
02:12:28.234 [TLM] 33911,4170,1678,-432,-3232,1868,2261,0,4,2195,2204,8774,2773,100,34464,145
02:12:28.267 [TLM] 33921,4196,1652,-430,-3198,2787,1857,3,-15,2215,2184,-1624,5738,100,1697,116
02:12:28.268 [TLM] 33931,4218,1630,-429,-3201,2097,2475,0,-1,2201,2198,8286,-1199,100,1697,44
02:12:28.302 [TLM] 33941,4240,1608,-428,-3203,2195,2245,0,0,2199,2200,4312,1758,100,1697,115
02:12:28.302 [TLM] 33951,4262,1586,-426,-3211,2274,2139,0,9,2190,2209,2901,3291,100,1697,50
02:12:28.336 [TLM] 33961,4284,1564,-425,-3220,2204,2221,0,-47,2247,2152,4208,1518,100,1697,233
02:12:28.373 [TLM] 33971,4307,1541,-423,-3229,2026,2490,-2,312,1887,2512,244,3965,100,1697,168
02:12:28.374 [TLM] 33981,4327,1521,-421,-3218,2311,2099,0,-2,2202,2197,1825,3340,100,1697,133
02:12:28.406 [TLM] 33991,4352,1497,-419,-3220,2169,2262,0,53,2146,2253,2411,2144,100,1697,206
02:12:28.407 [TLM] 34001,4372,1477,-418,-3220,2256,2186,0,142,2057,2342,-87,4499,100,1697,169
02:12:28.444 [TLM] 34011,4396,1453,-416,-3209,2200,2255,0,-10,2210,2189,2979,1257,100,1697,40
02:12:28.447 [TLM] 34021,4417,1431,-414,-3211,1990,2357,-1,-143,2343,2056,6850,-1123,100,1697,211
02:12:28.476 [TLM] 34031,4440,1409,-413,-3205,2209,2133,0,3,2196,2203,2466,3195,100,1697,129
02:12:28.512 [TLM] 34041,4462,1387,-411,-3204,2206,2189,0,83,2116,2283,1234,3671,100,1697,58
02:12:28.513 [TLM] 34051,4482,1367,-410,-3197,2009,2374,0,-13,2213,2186,5489,-180,100,1697,44
02:12:28.546 [TLM] 34061,4506,1343,-409,-3195,2261,2189,0,8,2191,2208,1868,2426,100,50849,22
02:12:28.546 [TLM] 34071,4528,1321,-408,-3197,2144,2262,0,-106,2306,2093,4800,163,100,1698,14
02:12:28.580 [TLM] 34081,4548,1301,-407,-3200,2213,2173,0,0,2199,2200,2375,2638,100,1698,213
02:12:28.581 [TLM] 34091,4572,1277,-405,-3205,2207,2167,0,8,2191,2208,2204,2909,100,1698,174
02:12:28.616 [TLM] 34101,4595,1254,-404,-3200,2157,2308,0,-16,2216,2183,3140,646,100,1698,20
02:12:28.654 [TLM] 34111,4617,1232,-402,-3191,2060,2238,0,-2,2202,2197,3795,2051,100,1698,36
02:12:28.654 [TLM] 34121,4639,1210,-401,-3177,2150,2271,0,-3,2203,2196,2832,1378,100,1698,170
02:12:28.689 [TLM] 34131,4661,1188,-401,-3174,2159,2216,0,-38,2238,2161,3471,1495,100,1698,169
02:12:28.690 [TLM] 34141,4680,1169,-400,-3194,2489,1842,0,682,1517,2882,-11136,12000,100,18082,171
02:12:28.722 [TLM] 34151,4703,1146,-399,-3204,2271,2169,-3,838,1361,3038,-10717,12000,100,1826,198
02:12:28.723 [TLM] 34161,4726,1123,-398,-3159,1748,2716,-6,535,1664,2735,-910,5801,100,1826,210
02:12:28.757 [TLM] 34171,4748,1102,-398,-3061,1020,3231,-12,821,1378,3021,3214,4364,100,1826,81
02:12:28.793 [TLM] 34181,4770,1080,-402,-2930,1183,3185,-12,819,1380,3019,2099,4124,100,1826,207
02:12:28.794 [TLM] 34191,4789,1061,-407,-2802,801,3474,-15,1023,1176,3223,3924,3627,100,1826,211
02:12:28.827 [TLM] 34201,4813,1039,-417,-2622,888,3321,-16,1022,1177,3222,3658,4623,100,1826,99
02:12:28.828 [TLM] 34211,4834,1022,-429,-2474,887,3504,-18,1371,828,3571,-1440,7187,100,1826,177
02:12:28.861 [TLM] 34221,4858,1005,-446,-2273,1408,3039,-18,1849,350,4049,-12000,12000,100,1826,70
02:12:28.862 [TLM] 34231,4879,993,-463,-2098,1008,3337,-13,-34,2234,2165,12000,-11077,100,1826,69
02:12:28.896 [TLM] 34241,4902,984,-484,-1946,1888,2774,-10,623,1576,2823,-2245,4710,100,1826,196
02:12:28.932 [TLM] 34251,4921,978,-503,-1821,1297,2847,-7,65,2134,2265,12000,-5242,100,18210,119
02:12:28.932 [TLM] 34261,4943,974,-524,-1755,1669,2815,-10,1185,1014,3385,-5534,12000,100,18210,35
02:12:28.966 [TLM] 34271,4962,971,-543,-1673,1590,2830,-9,315,1884,2515,8515,-351,100,1954,85
02:12:28.968 [TLM] 34281,4987,970,-567,-1584,1205,3179,-12,827,1372,3027,4152,4111,100,1954,110
02:12:29.002 [TLM] 34291,5005,971,-585,-1471,1162,2562,-12,1053,1146,3253,4861,12000,100,1954,154
02:12:29.003 [TLM] 34301,5029,974,-609,-1377,1364,3762,-13,1139,1060,3339,-1198,1372,100,1954,31
02:12:29.036 [TLM] 34311,5054,981,-633,-1244,1090,3675,-18,1334,865,3534,-1746,5428,100,1954,99
02:12:29.072 [TLM] 34321,5075,990,-653,-1079,1149,3359,-16,778,1421,2978,8182,228,100,1954,39
02:12:29.073 [TLM] 34331,5098,1002,-672,-920,992,3401,-17,1274,925,3474,-1388,7606,100,1954,32
02:12:29.106 [TLM] 34341,5116,1015,-685,-746,899,2978,-15,970,1229,3170,8220,8591,100,1954,234
02:12:29.107 [TLM] 34351,5139,1033,-699,-608,1659,3009,-13,928,1271,3128,-2704,7191,100,1954,174
02:12:29.141 [TLM] 34361,5160,1051,-709,-458,1059,2911,-12,814,1385,3014,8652,5880,100,1954,104
02:12:29.142 [TLM] 34371,5185,1074,-719,-339,1926,2988,-12,825,1374,3025,-5847,7739,100,1954,149
02:12:29.176 [TLM] 34381,5206,1094,-724,-224,1237,2860,-12,803,1396,3003,5747,6896,100,1954,18
02:12:29.212 [TLM] 34391,5229,1117,-728,-127,1630,2921,-11,658,1541,2858,2442,4100,100,18466,162
02:12:29.212 [TLM] 34401,5251,1139,-730,-42,1680,2769,-12,1298,901,3498,-7772,12000,100,2210,248
02:12:29.248 [TLM] 34411,5276,1164,-730,48,2066,2939,-10,839,1360,3039,638,766,100,2210,253
02:12:29.248 [TLM] 34421,5293,1180,-728,122,834,3112,-13,1005,1194,3205,5762,6996,100,2210,21
02:12:29.281 [TLM] 34431,5316,1204,-724,255,906,3419,-16,445,1754,2645,12000,-4400,100,2210,240
02:12:29.282 [TLM] 34441,5337,1224,-717,380,1377,2929,-16,1389,810,3589,-6480,12000,100,2210,1
02:12:29.317 [TLM] 34451,5361,1244,-706,531,1198,3799,-16,733,1466,2933,5409,-4098,100,2210,253
02:12:29.352 [TLM] 34461,5382,1261,-694,702,1141,3182,-14,710,1489,2910,6843,2359,100,2210,187
02:12:29.353 [TLM] 34471,5405,1278,-677,847,1164,3426,-16,1236,963,3436,-4097,8285,100,2210,49
02:12:29.387 [TLM] 34481,5427,1291,-659,1013,1879,2805,-12,817,1382,3017,-3395,7506,100,2210,132
02:12:29.388 [TLM] 34491,5445,1299,-643,1163,1192,2733,-12,689,1510,2889,6265,7255,100,2210,58
02:12:29.425 [TLM] 34501,5471,1306,-619,1329,2544,2359,-2,-390,2590,1809,7686,-5554,100,2210,173
02:12:29.425 [TLM] 34511,5491,1310,-599,1391,1890,2393,-5,769,1430,2969,-1626,11841,100,2210,85
02:12:29.456 [TLM] 34521,5512,1314,-578,1451,1884,2127,-1,-201,2401,1998,12000,-161,100,2210,15
02:12:29.491 [TLM] 34531,5534,1316,-556,1470,2018,2586,-4,321,1878,2521,3144,7932,100,2210,142
02:12:29.492 [TLM] 34541,5556,1318,-534,1487,1873,2537,-5,290,1909,2490,5580,2596,100,2210,36
02:12:29.526 [TLM] 34551,5578,1320,-513,1495,1920,2339,-6,403,1796,2603,2795,8952,100,2210,243
02:12:29.562 [TLM] 34561,5599,1321,-491,1516,1900,2517,-6,362,1837,2562,3239,5271,100,2210,113
02:12:29.562 [TLM] 34571,5624,1322,-466,1550,1840,2714,-6,362,1837,2562,3367,2945,100,2210,94
02:12:29.563 [TLM] 34581,5645,1322,-445,1583,1981,2373,0,17,2182,2217,9516,-162,100,51362,202
02:12:29.597 [TLM] 34591,5668,1321,-423,1587,2206,2135,0,8,2191,2208,4490,4679,100,2211,163
02:12:29.632 [TLM] 34601,5691,1321,-400,1581,2190,2341,0,72,2127,2272,3184,2773,100,2211,193
02:12:29.633 [TLM] 34611,5714,1321,-377,1572,2316,2168,0,1,2198,2201,2314,3612,100,2211,164
02:12:29.667 [TLM] 34621,5737,1321,-354,1560,2357,2240,0,15,2184,2215,1104,2637,100,2211,45
02:12:29.668 [TLM] 34631,5757,1321,-334,1555,2224,2228,0,84,2115,2284,1395,3779,100,2211,217
02:12:29.701 [TLM] 34641,5779,1322,-312,1558,2163,2252,0,2,2197,2202,3331,2092,100,2211,134
02:12:29.704 [TLM] 34651,5804,1322,-287,1556,2211,2255,0,-2,2202,2197,2441,1681,100,2211,65
02:12:29.736 [TLM] 34661,5826,1322,-265,1555,2212,2236,0,1,2198,2201,2300,1899,100,2211,104
02:12:29.774 [TLM] 34671,5848,1323,-243,1554,2203,2171,0,0,2199,2200,2315,2720,100,2211,92
02:12:29.776 [TLM] 34681,5870,1323,-220,1548,2486,1937,3,-210,2410,1989,2619,1609,100,18595,103
02:12:29.807 [TLM] 34691,5892,1324,-199,1508,2472,1860,5,-783,2983,1416,10973,-5526,100,2339,174
02:12:29.807 [TLM] 34701,5912,1326,-178,1445,2810,1751,6,-405,2605,1794,1216,1381,100,2339,55
02:12:29.841 [TLM] 34711,5934,1330,-157,1376,2718,1625,12,-1044,3244,1155,12000,-7924,100,2339,147
02:12:29.842 [TLM] 34721,5959,1336,-133,1249,3481,1262,15,-1395,3595,804,8901,-8441,100,2339,62
02:12:29.876 [TLM] 34731,5981,1345,-113,1082,3474,1258,15,-908,3108,1291,1090,-622,100,2339,55
02:12:29.911 [TLM] 34741,6001,1357,-96,915,3321,915,16,-1026,3226,1173,4479,2423,100,2339,200
02:12:29.912 [TLM] 34751,6021,1370,-81,763,3517,915,17,-1395,3595,804,6818,-2077,100,2339,128
02:12:29.947 [TLM] 34761,6045,1389,-67,573,3137,1293,14,-538,2738,1661,-1319,6369,100,2339,246
02:12:29.948 [TLM] 34771,6063,1404,-58,440,2962,845,12,-819,3019,1380,5380,7833,100,18723,249
02:12:29.982 [TLM] 34781,6089,1429,-50,279,3085,1680,10,-241,2441,1958,-5384,6816,100,18723,156
02:12:29.982 [TLM] 34791,6107,1447,-46,188,2417,1474,10,-854,3054,1345,12000,480,100,2467,78
02:12:30.016 [TLM] 34801,6132,1472,-42,109,3126,1836,9,-613,2813,1586,-243,-17,100,2467,206
02:12:30.053 [TLM] 34811,6152,1491,-41,56,2840,1534,9,-614,2814,1585,4521,3552,100,18851,250
02:12:30.053 [TLM] 34821,6171,1511,-40,-11,2755,1617,9,-946,3146,1253,10628,-2248,100,2595,216
02:12:30.087 [TLM] 34831,6197,1536,-42,-95,2903,1741,9,-893,3093,1306,7826,-3263,100,2595,191
02:12:30.088 [TLM] 34841,6216,1555,-45,-189,3209,1309,8,463,1736,2663,-12000,12000,100,2595,129
02:12:30.122 [TLM] 34851,6239,1577,-50,-282,2627,1369,12,-825,3025,1374,11922,830,100,2595,113
02:12:30.122 [TLM] 34861,6258,1595,-57,-367,3149,1193,16,-1689,3889,510,12000,-8673,100,2595,29
02:12:30.156 [TLM] 34871,6284,1618,-68,-516,3885,880,19,-1417,3617,782,5418,-701,100,2595,24
02:12:30.191 [TLM] 34881,6306,1637,-80,-664,3493,1189,19,-1574,3774,625,12000,-7117,100,2595,190
02:12:30.192 [TLM] 34891,6328,1652,-96,-849,3670,754,20,-551,2751,1648,-4925,12000,100,2595,104
02:12:30.226 [TLM] 34901,6351,1666,-115,-1041,3438,1079,17,-1001,3201,1198,3325,2289,100,2595,205
02:12:30.227 [TLM] 34911,6370,1674,-131,-1199,2584,1623,12,-821,3021,1378,10257,-200,100,18979,30
02:12:30.261 [TLM] 34921,6390,1679,-151,-1342,3117,1238,12,-818,3018,1381,4668,4649,100,2723,26
02:12:30.262 [TLM] 34931,6416,1683,-177,-1484,2092,2417,6,-40,2240,2159,4940,1251,100,2723,26
02:12:30.296 [TLM] 34941,6436,1684,-197,-1565,2770,1508,6,-407,2607,1792,3276,7723,111,2723,28
02:12:30.331 [TLM] 34951,6460,1683,-221,-1633,2437,1958,6,-290,2490,1909,4454,2940,111,2723,250
02:12:30.332 [TLM] 34961,6484,1681,-244,-1681,2010,2948,0,-46,2246,2153,5886,-5183,111,2723,114
02:12:30.367 [TLM] 34971,6499,1679,-260,-1696,2236,1440,0,432,1767,2632,-3194,12000,111,2723,49
02:12:30.367 [TLM] 34981,6525,1675,-285,-1720,2138,2569,0,-4,2204,2195,4797,565,111,2723,84
02:12:30.402 [TLM] 34991,6547,1672,-307,-1732,2276,2260,-1,389,1810,2589,-3006,9924,111,2723,88
02:12:30.404 [TLM] 35001,6571,1668,-330,-1716,2050,2801,-13,437,1762,2637,-4553,7007,111,2723,7
02:12:30.438 [TLM] 35011,6589,1666,-348,-1692,2141,1780,11,-2627,4827,-427,12000,-12000,111,51875,48
02:12:30.473 [TLM] 35021,6607,1664,-366,-1706,1798,1833,-6,432,1767,2632,3849,12000,111,2724,64
02:12:30.474 [TLM] 35031,6623,1661,-383,-1708,1922,1810,-6,414,1785,2614,2389,12000,111,2724,195
02:12:30.507 [TLM] 35041,6644,1659,-403,-1718,1939,1779,-7,873,1326,3073,-5365,12000,111,2724,196
02:12:30.507 [TLM] 35051,6657,1657,-416,-1707,1295,1791,-9,617,1582,2817,6169,12000,111,2724,143
02:12:30.542 [TLM] 35061,6679,1654,-437,-1682,1593,2250,-8,386,1813,2586,5945,12000,111,2724,238
02:12:30.542 [TLM] 35071,6707,1651,-466,-1642,1982,3457,-6,233,1966,2433,3418,9072,111,2724,168
02:12:30.576 [TLM] 35081,6734,1650,-493,-1584,2381,3058,-1,-260,2460,1939,6434,1746,111,2724,162
02:12:30.612 [TLM] 35091,6757,1651,-516,-1540,2059,2810,3,-1031,3231,1168,12000,-9352,111,2724,221
02:12:30.614 [TLM] 35101,6783,1652,-541,-1496,2793,1961,7,-625,2825,1574,9717,5868,111,19108,159
02:12:30.646 [TLM] 35111,6807,1654,-565,-1499,2721,1933,6,-199,2399,2000,1962,8674,111,2852,206
02:12:30.647 [TLM] 35121,6831,1656,-590,-1502,1989,2593,0,355,1844,2555,-1518,7214,111,2852,129
02:12:30.682 [TLM] 35131,6856,1658,-614,-1462,2220,2758,-6,410,1789,2610,-4319,6704,111,2852,1
02:12:30.682 [TLM] 35141,6875,1661,-633,-1378,1187,3135,-15,1208,991,3408,-4708,12000,111,2852,235
02:12:30.717 [TLM] 35151,6902,1668,-659,-1200,1171,3778,-15,1245,954,3445,-4131,5030,111,2852,247
02:12:30.754 [TLM] 35161,6919,1676,-674,-1054,251,3712,-21,1463,736,3663,3615,10430,111,2852,72
02:12:30.756 [TLM] 35171,6945,1691,-695,-835,539,3960,-21,1340,859,3540,2806,2849,111,2852,98
02:12:30.787 [TLM] 35181,6964,1706,-708,-659,1053,3502,-19,1246,953,3446,-971,7266,111,2852,33
02:12:30.788 [TLM] 35191,6988,1726,-720,-457,1209,3094,-12,192,2007,2392,12000,-6916,111,2852,214
02:12:30.822 [TLM] 35201,7007,1744,-727,-308,1026,2922,-12,819,1380,3019,7449,8283,111,2852,59
02:12:30.823 [TLM] 35211,7034,1770,-733,-183,2393,3170,-6,399,1800,2599,-2263,-4779,111,2852,130
02:12:30.857 [TLM] 35221,7056,1792,-736,-67,1457,2602,-6,365,1834,2565,9573,876,111,2852,72
02:12:30.893 [TLM] 35231,7080,1816,-736,2,2464,2300,0,-3,2203,2196,4018,-2817,111,2852,178
02:12:30.894 [TLM] 35241,7097,1833,-736,23,1790,2067,-3,293,1906,2493,7334,5788,111,2852,225
02:12:30.927 [TLM] 35251,7120,1856,-735,44,2379,1973,-2,344,1855,2544,-551,9025,111,2852,14
02:12:30.928 [TLM] 35261,7139,1875,-734,40,1973,1903,-5,633,1566,2833,-1224,12000,111,2852,144
02:12:30.961 [TLM] 35271,7162,1898,-733,59,2051,2647,0,-1165,3365,1034,12000,-12000,111,2852,210
02:12:30.962 [TLM] 35281,7184,1920,-732,55,2315,2021,0,99,2100,2299,2747,8178,111,2852,13
02:12:30.997 [TLM] 35291,7209,1944,-730,51,2360,2345,0,-72,2272,2127,4073,1102,111,2852,156
02:12:31.032 [TLM] 35301,7230,1966,-729,40,2240,2114,0,1,2198,2201,4009,5077,111,2852,3
02:12:31.032 [TLM] 35311,7253,1989,-729,33,2279,2264,0,1,2198,2201,3069,3172,111,2852,56
02:12:31.068 [TLM] 35321,7274,2009,-728,34,2265,2274,0,-21,2221,2178,3354,2513,111,2852,242
02:12:31.068 [TLM] 35331,7299,2034,-727,27,2536,2036,1,206,1993,2406,-3526,8028,111,2852,160
02:12:31.101 [TLM] 35341,7321,2057,-727,23,2324,2252,3,-953,3153,1246,12000,-11569,111,2852,177
02:12:31.103 [TLM] 35351,7342,2078,-726,-9,1985,2245,0,-1,2201,2198,5434,3487,111,19236,82
02:12:31.136 [TLM] 35361,7365,2100,-727,-10,2359,2058,1,217,1982,2417,-1647,8292,111,2980,126
02:12:31.172 [TLM] 35371,7386,2122,-727,-18,2197,2603,-2,342,1857,2542,-2142,3172,111,2980,222
02:12:31.172 [TLM] 35381,7411,2146,-727,26,1739,2846,-6,405,1794,2605,1334,2149,111,2980,208
02:12:31.208 [TLM] 35391,7432,2167,-725,98,1656,2686,-7,981,1218,3181,-5404,11792,111,2980,194
02:12:31.208 [TLM] 35401,7451,2186,-723,183,1113,3285,-12,817,1382,3017,2553,4042,111,2980,110
02:12:31.242 [TLM] 35411,7475,2210,-717,321,881,3306,-16,1032,1167,3232,2264,6267,111,2980,185
02:12:31.276 [TLM] 35421,7497,2230,-708,485,542,3644,-20,2419,-219,4619,-12000,12000,111,2980,74
02:12:31.278 [TLM] 35431,7519,2248,-695,694,1114,3480,-16,518,1681,2718,9109,-4190,111,2980,127
02:12:31.313 [TLM] 35441,7540,2262,-680,879,598,3166,-13,252,1947,2452,12000,-3985,111,2980,136
02:12:31.313 [TLM] 35451,7556,2271,-667,1033,1297,2646,-12,786,1413,2986,5642,10178,111,2980,141
02:12:31.347 [TLM] 35461,7582,2283,-643,1191,1798,2405,-8,709,1490,2909,481,11153,111,2980,103
02:12:31.347 [TLM] 35471,7604,2290,-623,1281,1445,3250,-10,927,1272,3127,1577,3478,111,2980,126
02:12:31.381 [TLM] 35481,7623,2294,-604,1375,1578,1855,-9,914,1285,3114,304,12000,111,2980,56
02:12:31.381 [TLM] 35491,7643,2297,-584,1450,1414,2756,-9,497,1702,2697,9855,6754,111,2980,222
02:12:31.417 [TLM] 35501,7668,2299,-559,1506,1714,2800,-9,389,1810,2589,6570,3810,111,2980,249
02:12:31.452 [TLM] 35511,7692,2300,-535,1566,1876,2948,-9,1432,767,3632,-10778,12000,111,2980,45
02:12:31.455 [TLM] 35521,7714,2299,-514,1614,2147,2503,-5,211,1988,2411,2822,4246,111,2980,246
02:12:31.487 [TLM] 35531,7735,2298,-493,1654,2044,2494,-1,-357,2557,1842,12000,-4860,111,2980,90
02:12:31.489 [TLM] 35541,7760,2296,-468,1658,2413,2116,0,263,1936,2463,-2085,8265,111,2980,156
02:12:31.522 [TLM] 35551,7779,2294,-448,1662,2289,1980,0,2,2197,2202,-4898,12000,111,2980,234
02:12:31.557 [TLM] 35561,7801,2292,-427,1648,2215,1951,0,1,2198,2201,4737,8285,111,2980,90
02:12:31.557 [TLM] 35571,7822,2291,-406,1617,2377,1925,0,34,2165,2234,1638,10236,111,2980,217
02:12:31.592 [TLM] 35581,7841,2290,-387,1593,2190,1884,-2,534,1665,2734,-3750,12000,111,2980,171
02:12:31.593 [TLM] 35591,7859,2290,-369,1578,2141,1878,-3,-107,2307,2092,5269,12000,111,2980,184
02:12:31.625 [TLM] 35601,7878,2290,-350,1567,1668,1826,-4,168,2031,2368,6857,12000,111,2980,216
02:12:31.626 [TLM] 35611,7897,2290,-331,1557,2203,1826,-5,920,1279,3120,-10803,12000,111,2980,56
02:12:31.660 [TLM] 35621,7918,2291,-310,1564,1847,2388,-3,-284,2484,1915,11933,12000,111,2980,82
02:12:31.661 [TLM] 35631,7948,2290,-280,1587,2522,3292,0,-146,2346,2053,1668,-272,111,2980,239
02:12:31.696 [TLM] 35641,7972,2290,-256,1611,2453,2507,4,-728,2928,1471,11814,-2781,111,2980,82
02:12:31.732 [TLM] 35651,7996,2289,-232,1602,2511,2369,3,235,1964,2435,-3601,10778,111,2980,80
02:12:31.732 [TLM] 35661,8020,2288,-208,1607,2950,1885,6,-454,2654,1745,1216,4579,111,2980,65
02:12:31.766 [TLM] 35671,8043,2287,-185,1588,2566,1990,6,-405,2605,1794,5166,2863,111,2980,70
02:12:31.767 [TLM] 35681,8065,2287,-163,1568,2557,2142,3,-50,2250,2149,-772,5423,111,2980,191
02:12:31.804 [TLM] 35691,8091,2287,-137,1561,2682,2025,5,-320,2520,1879,1888,1517,111,2980,225
02:12:31.806 [TLM] 35701,8111,2288,-117,1539,1790,2371,0,24,2175,2224,6996,3083,111,2980,90
02:12:31.836 [TLM] 35711,8135,2289,-94,1535,2448,2012,1,431,1768,2631,-6443,12000,111,2980,104
02:12:31.871 [TLM] 35721,8155,2289,-73,1538,2257,2250,2,-532,2732,1667,12000,-7582,111,2980,181
02:12:31.873 [TLM] 35731,8178,2290,-50,1505,2260,2126,0,-1,2201,2198,1808,4934,111,2980,72
02:12:31.906 [TLM] 35741,8198,2292,-30,1502,2114,2260,0,-3,2203,2196,3413,3296,111,2980,169
02:12:31.907 [TLM] 35751,8220,2293,-8,1515,2082,2262,0,4,2195,2204,4029,2851,111,2980,93
02:12:31.942 [TLM] 35761,8244,2294,15,1525,2189,2197,0,0,2200,2199,2991,3376,111,2980,133
02:12:31.942 [TLM] 35771,8267,2295,38,1528,2226,2228,0,0,2200,2199,2510,2707,111,2980,238
02:12:31.976 [TLM] 35781,8289,2296,60,1527,2320,2179,2,-344,2544,1855,6734,-2221,111,2980,28
02:12:32.011 [TLM] 35791,8310,2297,81,1517,1957,2296,0,0,2199,2200,6027,1926,111,2980,79
02:12:32.012 [TLM] 35801,8333,2299,104,1519,2241,2224,0,8,2191,2208,2076,2763,111,2980,7
02:12:32.046 [TLM] 35811,8353,2300,124,1519,2170,2276,0,3,2196,2203,2856,1988,111,2980,187
02:12:32.047 [TLM] 35821,8376,2301,146,1521,2201,2258,-1,-4,2204,2195,2550,2003,111,2980,15
02:12:32.082 [TLM] 35831,8399,2302,170,1532,2240,2041,0,84,2115,2284,828,5832,111,2980,208
02:12:32.082 [TLM] 35841,8421,2303,192,1534,2192,2206,0,4,2195,2204,2464,3047,111,2980,110
02:12:32.117 [TLM] 35851,8444,2303,214,1542,2224,2306,0,1,2198,2201,2027,1467,111,2980,234
02:12:32.154 [TLM] 35861,8463,2304,234,1547,2181,2235,0,0,2199,2200,2762,2204,111,2980,69
02:12:32.156 [TLM] 35871,8488,2304,258,1552,2150,2220,0,-2,2202,2197,3197,2195,111,2980,193
02:12:32.186 [TLM] 35881,8510,2305,280,1552,2175,2226,0,-220,2420,1979,5953,-887,111,19364,232
02:12:32.188 [TLM] 35891,8532,2305,302,1549,2163,2180,0,507,1692,2707,-4428,9992,111,3108,161
02:12:32.221 [TLM] 35901,8553,2305,324,1579,1361,2984,-5,-36,2236,2163,12000,-6193,111,3108,210
02:12:32.222 [TLM] 35911,8573,2304,344,1639,1446,2924,-15,1573,626,3773,-12000,12000,111,3108,95
02:12:32.257 [TLM] 35921,8598,2301,368,1781,893,3760,-15,1011,1188,3211,1517,637,111,19492,46
02:12:32.291 [TLM] 35931,8618,2295,388,1905,1260,2968,-12,546,1653,2746,5536,2732,111,3236,80
02:12:32.292 [TLM] 35941,8642,2286,409,2011,1543,2849,-8,-15,2215,2184,11679,-5961,111,3236,248
02:12:32.327 [TLM] 35951,8663,2276,428,2061,2182,2365,-5,136,2063,2336,2101,2829,111,3236,191
02:12:32.328 [TLM] 35961,8682,2267,445,2084,2397,2017,0,-11,2211,2188,2552,3960,111,3236,231
02:12:32.361 [TLM] 35971,8705,2256,465,2070,2263,2083,6,-2093,4293,106,12000,-12000,111,3236,235
02:12:32.361 [TLM] 35981,8730,2245,487,2012,3381,1619,10,-1683,3883,516,12000,-12000,111,3236,145
02:12:32.396 [TLM] 35991,8751,2237,507,1898,3179,1218,13,-797,2997,1402,4999,1355,111,3236,217
02:12:32.431 [TLM] 36001,8772,2232,527,1750,3446,886,15,-1015,3215,1184,5031,2715,111,3236,127
02:12:32.432 [TLM] 36011,8793,2230,548,1584,2879,1239,13,-1073,3273,1126,12000,-1193,111,3236,201
02:12:32.467 [TLM] 36021,8815,2232,570,1428,3362,1211,13,-756,2956,1443,1088,4857,111,3236,127
02:12:32.467 [TLM] 36031,8835,2236,590,1304,2979,1401,12,-824,3024,1375,6657,1387,111,3236,160
02:12:32.503 [TLM] 36041,8858,2244,611,1169,2566,1607,8,-626,2826,1573,7811,3273,111,3236,250
02:12:32.503 [TLM] 36051,8883,2255,633,1086,3086,1688,7,-228,2428,1971,-4994,7605,111,19620,90
02:12:32.538 [TLM] 36061,8902,2264,650,1040,2416,1833,6,-108,2308,2091,2281,7767,111,3364,140
02:12:32.571 [TLM] 36071,8921,2274,666,1004,1661,2128,-6,1452,747,3652,-12000,12000,111,3364,127
02:12:32.574 [TLM] 36081,8946,2287,687,1044,1750,2992,-7,679,1520,2879,-3221,8685,111,19748,247
02:12:32.606 [TLM] 36091,8969,2298,708,1133,1582,2833,-6,182,2017,2382,7249,850,111,3492,216
02:12:32.607 [TLM] 36101,8988,2305,725,1203,1674,2704,-6,414,1785,2614,3116,5928,111,3492,199
02:12:32.640 [TLM] 36111,9014,2313,750,1293,1948,2830,-6,478,1721,2678,-1039,4123,111,3492,153
02:12:32.641 [TLM] 36121,9035,2318,771,1371,1734,2692,-6,400,1799,2600,2904,4214,111,3492,48
02:12:32.676 [TLM] 36131,9059,2322,794,1442,2400,2195,0,-123,2323,2076,3548,758,111,3492,233
02:12:32.711 [TLM] 36141,9078,2324,814,1456,1386,2773,-6,421,1778,2621,7733,2933,111,3492,66
02:12:32.712 [TLM] 36151,9102,2326,837,1499,1970,2440,-3,-25,2225,2174,7309,-1151,111,3492,82
02:12:32.747 [TLM] 36161,9123,2328,858,1511,1652,2604,-6,367,1832,2567,4864,3923,111,3492,227
02:12:32.748 [TLM] 36171,9142,2328,877,1544,1980,2096,0,-235,2435,1964,10840,120,111,3492,129
02:12:32.782 [TLM] 36181,9169,2329,904,1555,2284,2304,0,-4,2204,2195,1997,1744,111,3492,189
02:12:32.782 [TLM] 36191,9187,2329,922,1577,2064,2129,0,0,2200,2199,5207,3913,111,3492,176
02:12:32.818 [TLM] 36201,9211,2329,946,1590,2221,2111,1,96,2103,2296,2894,4752,111,3492,253
02:12:32.852 [TLM] 36211,9231,2328,966,1581,2113,2279,0,-1,2201,2198,4887,1855,111,3492,224
02:12:32.853 [TLM] 36221,9256,2328,991,1580,2269,2202,0,122,2077,2322,1114,4487,111,3492,180
02:12:32.889 [TLM] 36231,9278,2328,1013,1569,2371,2070,1,-117,2317,2082,3395,2446,111,3492,159
02:12:32.889 [TLM] 36241,9299,2328,1034,1557,2150,2349,0,2,2197,2202,3660,939,111,19876,89
02:12:32.921 [TLM] 36251,9320,2328,1055,1557,2134,2161,0,5,2194,2205,3680,3287,111,3620,49
02:12:32.923 [TLM] 36261,9345,2329,1080,1566,1983,2436,-4,844,1355,3044,-7275,12000,111,3620,190
02:12:32.956 [TLM] 36271,9367,2328,1102,1628,1810,2689,-6,412,1787,2612,993,3367,111,3620,183
02:12:32.991 [TLM] 36281,9386,2326,1121,1701,913,2807,-13,1056,1143,3256,2246,12000,111,3620,228
02:12:32.991 [TLM] 36291,9408,2322,1142,1812,1069,3716,-16,1033,1166,3233,808,2358,111,3620,82
02:12:33.026 [TLM] 36301,9430,2314,1164,1984,688,3507,-22,1585,614,3785,-3397,12000,111,3620,84
02:12:33.026 [TLM] 36311,9453,2303,1183,2167,772,4140,-22,1454,745,3654,-1569,2604,111,3620,140
02:12:33.061 [TLM] 36321,9473,2290,1198,2381,929,3589,-17,502,1697,2702,12000,-5550,111,3620,91
02:12:33.061 [TLM] 36331,9495,2272,1212,2584,879,3071,-14,751,1448,2951,9250,4636,111,3620,116
02:12:33.097 [TLM] 36341,9518,2252,1222,2735,1646,3014,-12,819,1380,3019,-268,5965,111,3620,13
02:12:33.133 [TLM] 36351,9541,2231,1229,2885,1199,2922,-9,619,1580,2819,8426,2650,111,3620,23
02:12:33.137 [TLM] 36361,9565,2207,1233,3006,2416,2639,-5,-93,2293,2106,4131,-4279,111,3620,29
02:12:33.167 [TLM] 36371,9584,2188,1235,3064,1701,2157,-4,550,1649,2750,3741,10460,111,3620,144
02:12:33.167 [TLM] 36381,9602,2170,1236,3099,2258,1926,-5,367,1832,2567,-160,12000,111,3620,228
02:12:33.201 [TLM] 36391,9618,2153,1237,3113,1319,1678,-6,409,1790,2609,10829,12000,111,3620,123
02:12:33.204 [TLM] 36401,9636,2136,1237,3101,1922,1542,-6,412,1787,2612,3349,12000,111,3620,38
02:12:33.239 [TLM] 36411,9649,2123,1238,3081,1145,1454,-12,819,1380,3019,5416,12000,111,3620,129
02:12:33.273 [TLM] 36421,9665,2107,1239,3085,1640,1481,-12,1122,1077,3322,-4716,12000,111,3620,199
02:12:33.273 [TLM] 36431,9686,2086,1240,3108,1689,2518,-8,32,2167,2232,10928,12000,111,3620,100
02:12:33.307 [TLM] 36441,9713,2059,1240,3145,1958,3228,-5,170,2029,2370,5998,12000,111,3620,184
02:12:33.307 [TLM] 36451,9739,2033,1239,3182,2184,3266,0,-220,2420,1979,9685,5766,111,3620,203
02:12:33.343 [TLM] 36461,9769,2002,1237,3219,2462,3108,4,-657,2857,1542,12000,-4212,111,3620,68
02:12:33.344 [TLM] 36471,9795,1977,1235,3213,3183,2267,6,-406,2606,1793,-306,6538,111,3620,116
02:12:33.375 [TLM] 36481,9818,1953,1234,3190,2638,2148,6,-409,2609,1790,5603,6172,111,3620,74
02:12:33.412 [TLM] 36491,9842,1930,1233,3159,2555,2088,3,70,2129,2270,-1309,12000,111,3620,172
02:12:33.412 [TLM] 36501,9865,1907,1233,3142,2600,2118,2,-67,2267,2132,-311,10661,111,3620,132
02:12:33.446 [TLM] 36511,9886,1885,1233,3124,2344,2050,1,154,2045,2354,-1003,12000,111,3620,80
02:12:33.447 [TLM] 36521,9906,1866,1234,3118,2231,2218,0,-37,2237,2162,2996,10879,111,3620,53
02:12:33.481 [TLM] 36531,9934,1838,1234,3126,2502,2450,4,-629,2829,1570,8981,-3456,111,3620,149
02:12:33.482 [TLM] 36541,9956,1815,1235,3110,1904,2641,0,-1,2201,2198,6421,2525,111,3620,99
02:12:33.517 [TLM] 36551,9980,1792,1236,3113,2540,1880,4,-71,2271,2128,1210,7719,111,3620,157
02:12:33.552 [TLM] 36561,10002,1769,1237,3096,1996,2443,0,0,2200,2199,6043,2676,111,3620,200
02:12:33.554 [TLM] 36571,10026,1746,1238,3101,2264,2355,0,1,2198,2201,2585,3142,111,3620,24
02:12:33.587 [TLM] 36581,10046,1726,1238,3100,2317,2163,0,-177,2377,2022,3913,2626,111,3620,217
02:12:33.588 [TLM] 36591,10071,1701,1239,3100,2214,2304,0,35,2164,2235,2019,3402,111,3620,119
02:12:33.622 [TLM] 36601,10094,1678,1240,3107,2221,2285,0,-106,2306,2093,3921,959,111,3620,153
02:12:33.622 [TLM] 36611,10117,1655,1241,3107,2159,2316,0,-3,2203,2196,3000,1723,111,3620,57
02:12:33.656 [TLM] 36621,10139,1633,1242,3106,2372,2021,2,-95,2295,2104,2396,3100,111,3620,66
02:12:33.692 [TLM] 36631,10161,1611,1243,3094,2113,2351,0,3,2196,2203,3390,815,111,3620,131
02:12:33.692 [TLM] 36641,10183,1589,1244,3097,2141,2185,0,1,2198,2201,3216,2858,111,3620,42
02:12:33.728 [TLM] 36651,10205,1567,1245,3098,2221,2227,0,1,2198,2201,2280,2341,111,3620,31
02:12:33.728 [TLM] 36661,10225,1547,1245,3098,2209,2228,0,1,2198,2201,2426,2299,111,3620,210
02:12:33.762 [TLM] 36671,10249,1523,1247,3098,2164,2212,0,3,2196,2203,2995,2507,111,3620,230
02:12:33.762 [TLM] 36681,10271,1501,1247,3097,2173,2214,0,3,2196,2203,2824,2416,111,3620,240
02:12:33.796 [TLM] 36691,10293,1479,1248,3096,2254,2204,0,-1,2201,2198,1839,2461,111,3620,47
02:12:33.833 [TLM] 36701,10315,1457,1249,3096,2176,2200,0,0,2199,2200,2760,2504,111,3620,244
02:12:33.833 [TLM] 36711,10335,1437,1250,3096,2220,2211,0,0,2199,2200,2252,2392,111,3620,82
02:12:33.866 [TLM] 36721,10359,1413,1251,3096,2166,2201,0,0,2199,2200,2898,2462,111,3620,160
02:12:33.867 [TLM] 36731,10379,1393,1252,3096,2251,2201,0,0,2199,2200,1818,2471,111,3620,97
02:12:33.901 [TLM] 36741,10403,1369,1253,3094,2165,2108,0,5,2194,2205,2729,3895,111,3620,249
02:12:33.902 [TLM] 36751,10425,1347,1255,3092,2156,2212,0,0,2200,2199,2942,2527,111,3620,237
02:12:33.935 [TLM] 36761,10447,1325,1256,3094,2154,2218,0,5,2194,2205,2912,2438,111,3620,59
02:12:33.973 [TLM] 36771,10469,1303,1257,3095,2213,2211,0,-3,2203,2196,2295,2387,111,3620,161
02:12:33.973 [TLM] 36781,10489,1283,1257,3096,2197,2198,0,13,2186,2213,2252,2768,111,3620,110
02:12:34.007 [TLM] 36791,10513,1259,1259,3098,2155,2228,0,1,2198,2201,3011,2201,111,3620,170
02:12:34.007 [TLM] 36801,10533,1240,1259,3100,2172,2204,0,0,2199,2200,2777,2414,111,3620,178
02:12:34.040 [TLM] 36811,10557,1215,1260,3100,2239,2208,0,4,2195,2204,1897,2439,111,3620,241
02:12:34.041 [TLM] 36821,10579,1193,1261,3100,2162,2217,0,8,2191,2208,2834,2372,111,3620,114
02:12:34.076 [TLM] 36831,10601,1172,1262,3101,2156,2210,0,14,2185,2214,2889,2583,111,3620,27
02:12:34.114 [TLM] 36841,10623,1149,1263,3101,2175,2208,0,1,2198,2201,2849,2398,111,3620,172
02:12:34.114 [TLM] 36851,10645,1127,1264,3099,2240,2209,0,32,2167,2232,1380,2965,111,3620,56
02:12:34.147 [TLM] 36861,10667,1106,1265,3098,2193,2091,0,155,2044,2355,224,6230,111,3620,219
02:12:34.149 [TLM] 36871,10690,1083,1266,3106,2276,2308,0,-6,2206,2193,1626,964,111,3620,169
02:12:34.182 [TLM] 36881,10711,1062,1267,3107,2196,2197,0,0,2200,2199,2550,2531,111,3620,165
02:12:34.183 [TLM] 36891,10733,1040,1267,3108,2230,2191,0,0,2199,2200,2100,2626,111,3620,48
02:12:34.216 [TLM] 36901,10755,1018,1268,3108,2195,2182,0,6,2193,2206,2490,2853,111,3620,167
02:12:34.254 [TLM] 36911,10777,996,1269,3108,2191,2217,0,2,2197,2202,2667,2364,111,3620,206
02:12:34.256 [TLM] 36921,10799,974,1269,3106,2198,2191,0,0,2199,2200,2636,2676,111,3620,64
02:12:34.286 [TLM] 36931,10821,951,1270,3103,2342,2172,-1,396,1803,2596,-5227,8600,111,3620,215
02:12:34.287 [TLM] 36941,10842,931,1271,3098,2202,2051,0,-1,2201,2198,1339,5971,115,3620,71
02:12:34.323 [TLM] 36951,10862,911,1272,3103,2133,2211,0,1,2198,2201,3350,2958,115,3620,26
02:12:34.324 [TLM] 36961,10886,887,1273,3102,2073,2169,0,95,2104,2295,2601,5125,115,3620,110
02:12:34.356 [TLM] 36971,10909,863,1274,3109,2423,2134,3,-530,2730,1669,8426,-4932,115,3620,211
02:12:34.391 [TLM] 36981,10931,842,1275,3085,2095,2376,0,-5,2205,2194,4171,268,115,3620,75
02:12:34.392 [TLM] 36991,10950,823,1276,3082,2102,2147,0,-4,2204,2195,4170,3447,115,3620,136
02:12:34.426 [TLM] 37001,10974,799,1277,3078,2190,2163,0,-3,2203,2196,3158,3360,115,3620,96
02:12:34.427 [TLM] 37011,10994,779,1279,3075,2268,2178,0,-3,2203,2196,2213,3228,115,3620,135
02:12:34.463 [TLM] 37021,11018,754,1280,3075,2198,2227,0,0,2200,2199,2998,2607,115,3620,42
02:12:34.464 [TLM] 37031,11040,732,1282,3076,2200,2233,0,6,2193,2206,2867,2605,115,3620,235
02:12:34.496 [TLM] 37041,11063,710,1283,3077,2175,2259,0,-20,2220,2179,3458,1882,115,3620,51
02:12:34.532 [TLM] 37051,11085,688,1284,3079,1908,2443,-1,34,2165,2234,5435,958,115,3620,126
02:12:34.532 [TLM] 37061,11104,669,1285,3098,2190,2055,0,2,2197,2202,3122,4519,115,3620,251
02:12:34.567 [TLM] 37071,11129,644,1286,3104,2225,2215,0,0,2199,2200,2796,2572,115,3620,47
02:12:34.568 [TLM] 37081,11148,625,1287,3107,2177,2185,0,-1,2201,2198,3378,2818,115,3620,0
02:12:34.603 [TLM] 37091,11173,600,1288,3105,2268,2200,0,2,2197,2202,2016,2684,115,3620,40
02:12:34.604 [TLM] 37101,11195,578,1289,3104,2240,2198,0,-1,2201,2198,2384,2674,115,3620,62
02:12:34.637 [TLM] 37111,11217,556,1290,3103,2227,2222,0,-1,2201,2198,2487,2349,115,3620,27
02:12:34.673 [TLM] 37121,11239,534,1290,3101,2209,2175,0,-2,2202,2197,2673,2918,115,3620,74
02:12:34.674 [TLM] 37131,11261,512,1291,3099,2240,2202,0,-2,2202,2197,2225,2584,115,3620,207
02:12:34.707 [TLM] 37141,11281,492,1292,3098,2209,2195,0,-5,2205,2194,2598,2618,115,3620,234
02:12:34.708 [TLM] 37151,11303,470,1293,3099,2198,2195,0,0,2200,2199,2626,2682,115,3620,111
02:12:34.742 [TLM] 37161,11327,446,1294,3100,2180,2193,0,2,2197,2202,2818,2716,115,3620,223
02:12:34.742 [TLM] 37171,11349,424,1295,3099,2216,2197,0,2,2197,2202,2361,2658,115,3620,105
02:12:34.776 [TLM] 37181,11371,402,1296,3098,2186,2202,0,38,2161,2238,2150,3114,115,3620,76
02:12:34.812 [TLM] 37191,11393,380,1297,3100,2201,2208,0,-1,2201,2198,2599,2525,115,3620,37
02:12:34.812 [TLM] 37201,11413,360,1298,3101,2184,2209,0,2,2197,2202,2782,2509,115,3620,111
02:12:34.850 [TLM] 37211,11437,336,1299,3101,2242,2189,0,1,2198,2201,2022,2738,115,3620,221
02:12:34.850 [TLM] 37221,11457,316,1299,3101,2171,2185,0,1,2198,2201,2976,2774,115,3620,213
02:12:34.881 [TLM] 37231,11481,292,1300,3102,2191,2204,0,0,2199,2200,2765,2581,115,3620,100
02:12:34.882 [TLM] 37241,11503,270,1301,3102,2193,2166,0,-2,2202,2197,2758,2991,115,3620,21
02:12:34.917 [TLM] 37251,11525,248,1302,3102,2255,2184,0,0,2199,2200,1910,2786,115,3620,41
02:12:34.954 [TLM] 37261,11547,226,1303,3100,2183,2211,0,1,2198,2201,2779,2478,115,3620,193
02:12:34.955 [TLM] 37271,11567,206,1304,3101,2186,2208,0,0,2199,2200,2788,2513,115,3620,139
02:12:34.987 [TLM] 37281,11591,182,1305,3101,2175,2181,0,0,2200,2199,2969,2829,115,3620,157
02:12:34.988 [TLM] 37291,11611,162,1306,3100,2248,2187,0,4,2195,2204,1909,2800,115,3620,217
02:12:35.021 [TLM] 37301,11635,138,1307,3097,2185,2133,0,1,2198,2201,2617,3571,115,3620,26
02:12:35.023 [TLM] 37311,11657,116,1308,3096,2185,2224,0,2,2197,2202,2625,2545,115,3620,186
02:12:35.056 [TLM] 37321,11679,94,1309,3098,2156,2214,0,2,2197,2202,3000,2567,115,3620,192
02:12:35.093 [TLM] 37331,11701,72,1309,3100,2222,2213,0,-3,2203,2196,2241,2460,115,3620,73
02:12:35.094 [TLM] 37341,11721,52,1310,3101,2190,2199,0,0,2199,2200,2590,2638,115,3620,145
02:12:35.126 [TLM] 37351,11745,28,1311,3104,2192,2220,0,-3,2203,2196,2668,2316,115,3620,112
02:12:35.126 [TLM] 37361,11765,9,1312,3105,2156,2199,0,0,2199,2200,3062,2566,115,3620,147
02:12:35.161 [TLM] 37371,11789,-15,1313,3104,2231,2189,0,2,2197,2202,2101,2764,115,3620,100
02:12:35.162 [TLM] 37381,11811,-37,1314,3104,2193,2207,0,4,2195,2204,2554,2553,115,3620,237
02:12:35.196 [TLM] 37391,11833,-59,1314,3105,2185,2205,0,-4,2204,2195,2852,2471,115,3620,5
02:12:35.231 [TLM] 37401,11855,-80,1315,3103,2189,2176,0,0,2199,2200,2729,2902,115,3620,13
02:12:35.232 [TLM] 37411,11877,-103,1316,3102,2225,2184,0,2,2197,2202,2185,2803,115,3620,0
02:12:35.266 [TLM] 37421,11897,-122,1317,3101,2190,2205,0,3,2196,2203,2639,2536,115,3620,24
02:12:35.269 [TLM] 37431,11919,-144,1318,3101,2190,2169,0,0,2199,2200,2730,3030,115,3620,52
02:12:35.305 [TLM] 37441,11943,-168,1319,3103,2185,2178,0,0,2199,2200,2782,2892,115,3620,111
02:12:35.306 [TLM] 37451,11965,-190,1320,3103,2221,2191,0,4,2195,2204,2221,2793,115,3620,41
02:12:35.338 [TLM] 37461,11987,-212,1320,3103,2201,2206,0,13,2186,2213,2332,2751,115,3620,150
02:12:35.374 [TLM] 37471,12009,-234,1321,3106,2192,2208,0,0,2199,2200,2705,2537,115,3620,210
02:12:35.374 [TLM] 37481,12029,-254,1322,3108,2175,2226,0,-4,2204,2195,3004,2142,115,3620,187
02:12:35.406 [TLM] 37491,12053,-278,1323,3106,2251,2204,0,6,2193,2206,1861,2644,115,3620,128
02:12:35.407 [TLM] 37501,12073,-298,1323,3105,2197,2175,0,-3,2203,2196,2684,2876,115,3620,107
02:12:35.442 [TLM] 37511,12097,-322,1324,3105,2170,2227,0,20,2179,2220,2638,2628,115,3620,62
02:12:35.444 [TLM] 37521,12119,-344,1325,3106,2191,2180,0,7,2192,2207,2623,2956,115,3620,136
02:12:35.476 [TLM] 37531,12141,-366,1326,3109,2192,2251,0,-191,2391,2008,5268,-560,115,3620,143
02:12:35.512 [TLM] 37541,12163,-388,1327,3109,2194,2216,0,11,2188,2211,2372,2608,115,3620,144
02:12:35.513 [TLM] 37551,12183,-408,1327,3111,2198,2199,0,0,2199,2200,2549,2687,115,3620,127
02:12:35.547 [TLM] 37561,12207,-432,1328,3112,2166,2169,0,2,2197,2202,2962,3047,115,3620,93
02:12:35.583 [TLM] 37571,12227,-452,1328,3111,2229,2197,0,1,2198,2201,2160,2634,115,3620,213
02:12:35.583 [TLM] 37581,12251,-476,1329,3111,2212,2220,0,1,2198,2201,2394,2347,115,3620,196
02:12:35.584 [TLM] 37591,12273,-498,1330,3110,2220,2210,0,-2,2202,2197,2370,2469,115,3620,232
02:12:35.618 [TLM] 37601,12295,-520,1331,3109,2189,2166,0,0,2199,2200,2702,3041,115,3620,123
02:12:35.652 [TLM] 37611,12317,-542,1331,3109,2246,2194,0,-11,2211,2188,2165,2532,115,3620,101
02:12:35.653 [TLM] 37621,12339,-564,1332,3108,2211,2191,0,-4,2204,2195,2485,2695,115,3620,142
02:12:35.686 [TLM] 37631,12359,-584,1333,3109,2185,2222,0,3,2196,2203,2737,2405,115,3620,115
02:12:35.687 [TLM] 37641,12381,-606,1333,3110,2176,2198,0,1,2198,2201,2855,2609,115,3620,183
02:12:35.722 [TLM] 37651,12405,-630,1334,3108,2227,2172,0,0,2200,2199,2251,2942,115,3620,73
02:12:35.723 [TLM] 37661,12427,-652,1335,3107,2196,2205,0,1,2198,2201,2555,2562,115,3620,74
02:12:35.757 [TLM] 37671,12449,-674,1336,3109,2197,2206,0,-4,2204,2195,2647,2507,115,3620,225
02:12:35.792 [TLM] 37681,12471,-696,1336,3109,2183,2162,0,3,2196,2203,2720,3072,115,3620,137
02:12:35.792 [TLM] 37691,12491,-716,1337,3108,2257,2195,0,-1,2201,2198,1825,2635,115,3620,216
02:12:35.826 [TLM] 37701,12515,-740,1338,3108,2193,2191,0,9,2190,2209,2505,2859,115,3620,206
02:12:35.862 [TLM] 37711,12535,-760,1338,3108,2170,2203,0,-3,2203,2196,3056,2556,115,3620,96
02:12:35.862 [TLM] 37721,12559,-784,1339,3107,2186,2162,0,0,2200,2199,2809,3105,115,3620,16
02:12:35.863 [TLM] 37731,12581,-806,1340,3106,2247,2175,0,12,2187,2212,1802,3109,115,3620,238
02:12:35.895 [TLM] 37741,12603,-828,1341,3105,2224,2200,0,-3,2203,2196,2298,2587,115,3620,128
02:12:35.933 [TLM] 37751,12625,-850,1341,3107,2211,2208,0,-1,2201,2198,2498,2508,115,3620,132
02:12:35.933 [TLM] 37761,12645,-869,1342,3108,2140,2183,0,0,2200,2199,3365,2809,115,3620,23
02:12:35.967 [TLM] 37771,12669,-894,1343,3108,2239,2207,0,2,2197,2202,2093,2538,115,3620,119
02:12:35.968 [TLM] 37781,12689,-914,1344,3107,2198,2205,0,8,2191,2208,2523,2642,115,3620,127
02:12:36.002 [TLM] 37791,12713,-938,1344,3108,2200,2200,0,0,2200,2199,2621,2664,115,3620,133
02:12:36.003 [TLM] 37801,12735,-960,1345,3109,2207,2167,0,-322,2522,1877,7158,-1465,115,3620,198
02:12:36.038 [TLM] 37811,12757,-982,1346,3102,2227,2172,0,-218,2418,1981,5295,31,115,3620,18
02:12:36.072 [TLM] 37821,12779,-1004,1347,3106,2182,2193,0,-23,2223,2176,3208,2389,115,3620,151
02:12:36.073 [TLM] 37831,12801,-1026,1348,3108,2223,2229,0,-1,2201,2198,2502,2216,115,3620,86
02:12:36.106 [TLM] 37841,12820,-1045,1348,3108,2156,2187,0,4,2195,2204,3245,2833,115,3620,29
02:12:36.107 [TLM] 37851,12843,-1068,1349,3106,2228,2180,0,10,2189,2210,2203,2976,115,3620,217
02:12:36.141 [TLM] 37861,12867,-1092,1350,3104,2221,2195,0,-1,2201,2198,2427,2647,115,20004,233
02:12:36.176 [TLM] 37871,12889,-1114,1351,3103,2214,2197,0,6,2193,2206,2405,2783,115,3748,55
02:12:36.176 [TLM] 37881,12910,-1135,1351,3136,1722,2585,-6,412,1787,2612,923,5747,115,3748,147
02:12:36.211 [TLM] 37891,12932,-1157,1350,3218,1297,2902,-14,1623,576,3823,-12000,12000,115,3748,123
02:12:36.212 [TLM] 37901,12951,-1175,1348,3350,798,3506,-16,1028,1171,3228,2158,5760,115,3748,114
02:12:36.246 [TLM] 37911,12975,-1199,1340,3539,634,3589,-19,1449,750,3649,-1669,10284,115,3748,205
02:12:36.247 [TLM] 37921,12996,-1216,1330,3728,619,3997,-20,1346,853,3546,1251,2692,115,3748,183
02:12:36.283 [TLM] 37931,13018,-1233,1315,3960,595,3564,-21,1435,764,3635,1461,8445,115,3748,62
02:12:36.283 [TLM] 37941,13041,-1247,1297,4170,535,3789,-22,1441,758,3641,2353,5310,115,3748,1
02:12:36.317 [TLM] 37951,13063,-1256,1277,4382,658,3846,-20,1028,1171,3228,8247,-1879,115,3748,194
02:12:36.352 [TLM] 37961,13081,-1260,1260,4542,476,3132,-22,1542,657,3742,2757,12000,115,20132,89
02:12:36.353 [TLM] 37971,13103,-1261,1238,4691,655,3695,-22,1444,755,3644,3887,7708,115,3876,208
02:12:36.387 [TLM] 37981,13125,-1260,1215,4843,741,3895,-22,1243,956,3443,5040,2875,115,3876,205
02:12:36.388 [TLM] 37991,13144,-1256,1197,4992,1084,3065,-19,1926,273,4126,-7704,12000,115,3876,81
02:12:36.423 [TLM] 38001,13166,-1248,1177,5155,1074,3225,-12,991,1208,3191,7530,5317,115,3876,68
02:12:36.424 [TLM] 38011,13192,-1235,1154,5292,1658,3135,-9,72,2127,2272,12000,-7275,115,3876,211
02:12:36.457 [TLM] 38021,13214,-1222,1137,5363,1818,2448,-9,1047,1152,3247,-3642,12000,115,3876,52
02:12:36.492 [TLM] 38031,13233,-1210,1122,5430,1477,2314,-7,-101,2301,2098,12000,1698,115,3876,101
02:12:36.492 [TLM] 38041,13257,-1193,1104,5475,1996,2631,-6,513,1686,2713,2271,6317,115,3876,138
02:12:36.526 [TLM] 38051,13280,-1177,1088,5513,1974,2509,-6,312,1887,2512,5063,4280,115,3876,1
02:12:36.527 [TLM] 38061,13301,-1162,1073,5534,2136,2556,-6,402,1797,2602,755,5712,115,3876,19
02:12:36.562 [TLM] 38071,13327,-1143,1056,5573,1988,2560,-4,-275,2475,1924,11795,-5238,115,3876,214
02:12:36.563 [TLM] 38081,13351,-1124,1040,5580,2455,2394,-3,483,1716,2683,-6172,7423,115,3876,142
02:12:36.596 [TLM] 38091,13372,-1108,1027,5599,2281,1991,0,-4,2204,2195,3365,4919,115,3876,110
02:12:36.632 [TLM] 38101,13395,-1090,1013,5595,2226,2159,0,-3,2203,2196,3770,2998,115,3876,16
02:12:36.633 [TLM] 38111,13415,-1075,1000,5592,2297,2126,0,-13,2213,2186,2995,3273,115,3876,41
02:12:36.669 [TLM] 38121,13437,-1058,986,5584,2304,2153,2,-458,2658,1741,9530,-3820,115,3876,9
02:12:36.669 [TLM] 38131,13461,-1039,970,5558,2006,2417,0,-4,2204,2195,6085,-337,115,3876,14
02:12:36.703 [TLM] 38141,13484,-1023,955,5540,2398,1953,0,137,2062,2337,-1264,7502,115,3876,94
02:12:36.705 [TLM] 38151,13506,-1007,940,5525,2244,2093,0,-1,2201,2198,2487,3752,115,3876,191
02:12:36.736 [TLM] 38161,13528,-991,925,5515,2247,2199,0,-1,2201,2198,2345,2698,115,3876,129
02:12:36.773 [TLM] 38171,13550,-975,910,5511,2172,2181,0,-3,2203,2196,3237,2960,115,3876,156
02:12:36.774 [TLM] 38181,13572,-959,894,5510,2200,2180,0,-1,2201,2198,2712,3019,115,3876,128
02:12:36.807 [TLM] 38191,13594,-943,879,5511,2202,2229,0,0,2199,2200,2624,2350,115,3876,243
02:12:36.808 [TLM] 38201,13614,-929,865,5511,2263,2244,0,0,2200,2199,1850,2093,115,3876,100
02:12:36.841 [TLM] 38211,13638,-912,848,5511,2195,2192,0,-7,2207,2192,2766,2583,115,3876,76
02:12:36.841 [TLM] 38221,13658,-897,834,5510,2248,2194,0,-37,2237,2162,2433,2082,115,3876,217
02:12:36.876 [TLM] 38231,13682,-880,817,5501,2316,2105,0,162,2037,2362,-1299,5862,115,3876,60
02:12:36.911 [TLM] 38241,13705,-864,801,5497,2308,2183,0,-1,2201,2198,1072,2617,115,3876,127
02:12:36.912 [TLM] 38251,13724,-851,787,5497,2209,2188,0,1,2198,2201,2319,2659,115,3876,172
02:12:36.946 [TLM] 38261,13748,-834,770,5497,2207,2175,5,-2270,4470,-70,12000,-12000,115,3876,193
02:12:36.947 [TLM] 38271,13767,-820,757,5507,1975,2257,-3,4000,-1800,6200,-12000,12000,115,53028,49
02:12:36.983 [TLM] 38281,13789,-805,742,5512,2417,1534,6,-409,2609,1790,11384,1829,115,3877,86
02:12:36.986 [TLM] 38291,13812,-788,725,5480,2236,2246,0,0,2200,2199,4963,1431,115,3877,196
02:12:37.015 [TLM] 38301,13834,-773,709,5480,2271,2079,0,-6,2206,2193,3999,3630,115,3877,233
02:12:37.052 [TLM] 38311,13857,-757,693,5477,2287,2212,0,4,2195,2204,3371,2365,115,3877,51
02:12:37.053 [TLM] 38321,13877,-743,679,5471,2300,2149,0,7,2192,2207,2819,3328,115,3877,194
02:12:37.088 [TLM] 38331,13901,-727,661,5464,2264,2182,0,44,2155,2244,2321,3469,115,3877,102
02:12:37.089 [TLM] 38341,13922,-713,646,5459,2228,2262,-1,186,2013,2386,48,4656,115,3877,125
02:12:37.122 [TLM] 38351,13946,-696,628,5469,2322,2200,0,-5,2205,2194,1659,2321,115,3877,232
02:12:37.123 [TLM] 38361,13968,-681,612,5469,2253,2188,0,0,2199,2200,2319,2674,115,3877,215
02:12:37.156 [TLM] 38371,13990,-666,596,5474,2117,2303,0,-95,2295,2104,5400,-233,115,3877,231
02:12:37.190 [TLM] 38381,14012,-651,580,5472,2153,2225,-1,108,2091,2308,1634,4048,115,3877,4
02:12:37.191 [TLM] 38391,14032,-636,566,5477,2210,2209,1,-118,2318,2081,4707,236,115,3877,31
02:12:37.227 [TLM] 38401,14055,-621,549,5463,1799,2371,-5,927,1272,3127,-6563,12000,115,3877,223
02:12:37.227 [TLM] 38411,14074,-608,536,5488,2067,1868,0,-178,2378,2021,8295,3884,115,3877,211
02:12:37.261 [TLM] 38421,14099,-591,518,5476,2202,2248,0,151,2048,2351,1669,4364,115,3877,58
02:12:37.262 [TLM] 38431,14121,-575,502,5482,2241,2288,0,-127,2327,2072,5054,-167,115,3877,207
02:12:37.296 [TLM] 38441,14143,-560,486,5475,2214,2244,-3,963,1236,3163,-10994,12000,115,20261,136
02:12:37.335 [TLM] 38451,14164,-545,470,5486,2298,2007,0,0,2200,2199,2400,5307,115,4005,214
02:12:37.336 [TLM] 38461,14187,-529,454,5484,2170,2325,-1,158,2041,2358,1184,3832,115,4005,172
02:12:37.367 [TLM] 38471,14207,-515,440,5496,2176,2347,0,-23,2223,2176,3702,827,115,4005,196
02:12:37.368 [TLM] 38481,14232,-498,423,5510,1826,2557,-3,205,1994,2405,4151,1958,115,4005,73
02:12:37.401 [TLM] 38491,14252,-483,409,5543,2418,1781,0,12,2187,2212,309,8494,115,4005,31
02:12:37.404 [TLM] 38501,14275,-466,394,5575,1829,2714,0,-378,2578,1821,12000,-8589,115,4005,164
02:12:37.436 [TLM] 38511,14297,-449,380,5605,2232,2263,-2,1042,1157,3242,-12000,12000,115,4005,200
02:12:37.472 [TLM] 38521,14318,-432,367,5658,1673,2635,0,-2,2202,2197,11349,-3666,115,4005,146
02:12:37.474 [TLM] 38531,14338,-415,355,5680,2165,2172,0,-408,2608,1791,10918,-3453,115,4005,188
02:12:37.508 [TLM] 38541,14361,-396,342,5677,1825,2448,-6,423,1776,2623,1183,7493,115,4005,64
02:12:37.508 [TLM] 38551,14381,-380,331,5709,1756,2526,-6,406,1793,2606,3460,5501,115,4005,24
02:12:37.541 [TLM] 38561,14406,-359,318,5745,1898,2671,-6,390,1809,2590,1513,3508,115,4005,44
02:12:37.542 [TLM] 38571,14428,-340,307,5789,1869,2590,-6,417,1782,2617,1178,4946,115,4005,185
02:12:37.576 [TLM] 38581,14450,-320,297,5853,1440,2994,-9,611,1588,2811,2911,3173,115,4005,40
02:12:37.612 [TLM] 38591,14473,-298,289,5931,1990,2531,-6,412,1787,2612,-674,5097,115,4005,112
02:12:37.613 [TLM] 38601,14496,-277,282,6001,1628,2900,-7,34,2165,2234,9587,-5187,115,4005,147
02:12:37.647 [TLM] 38611,14515,-259,277,6047,1823,2562,-8,1088,1111,3288,-8191,12000,115,4005,5
02:12:37.647 [TLM] 38621,14538,-235,273,6126,1894,2464,-6,411,1788,2611,1212,5904,115,4005,161
02:12:37.682 [TLM] 38631,14559,-215,270,6177,1758,2684,-6,238,1961,2438,5266,594,115,4005,65
02:12:37.683 [TLM] 38641,14583,-191,268,6239,1860,2650,-6,408,1791,2608,1502,3395,115,4005,89
02:12:37.717 [TLM] 38651,14605,-169,268,6295,1817,2584,-6,396,1803,2596,2206,3988,115,4005,18
02:12:37.753 [TLM] 38661,14628,-146,269,6352,1837,2668,-5,393,1806,2593,2132,2344,115,4005,20
02:12:37.753 [TLM] 38671,14649,-125,271,6390,1739,2611,-6,315,1884,2515,3928,2770,115,4005,43
02:12:37.786 [TLM] 38681,14672,-102,274,6431,2206,2299,-4,870,1329,3070,-9627,12000,115,4005,102
02:12:37.787 [TLM] 38691,14691,-83,277,6463,1608,2700,-6,408,1791,2608,4763,2711,115,4005,141
02:12:37.822 [TLM] 38701,14716,-59,283,6522,1789,2594,-6,404,1795,2604,2328,4048,115,4005,208
02:12:37.823 [TLM] 38711,14738,-38,288,6577,1761,2672,-6,407,1792,2607,2542,3059,115,4005,137
02:12:37.857 [TLM] 38721,14760,-17,296,6633,1799,2630,-6,404,1795,2604,2056,3525,115,4005,61
02:12:37.891 [TLM] 38731,14782,2,304,6679,2061,2282,-3,205,1994,2405,2338,4168,115,4005,221
02:12:37.891 [TLM] 38741,14801,20,311,6706,1442,2799,-6,405,1794,2605,6671,1467,115,4005,236
02:12:37.926 [TLM] 38751,14825,42,322,6754,1849,2538,-6,413,1786,2613,1539,4699,115,4005,70
02:12:37.927 [TLM] 38761,14846,60,332,6791,1848,2589,-7,416,1783,2616,1280,3952,115,4005,58
02:12:37.960 [TLM] 38771,14870,80,344,6858,1657,2773,-6,33,2166,2233,8786,-3136,115,4005,53
02:12:37.962 [TLM] 38781,14891,98,356,6914,1621,2752,-7,563,1636,2763,1339,5010,115,4005,202
02:12:37.996 [TLM] 38791,14914,116,370,6984,1824,2608,-6,528,1671,2728,-428,5715,115,4005,131
02:12:38.032 [TLM] 38801,14935,131,385,7046,1586,2672,-6,413,1786,2613,4592,3054,115,4005,255
02:12:38.033 [TLM] 38811,14955,145,399,7109,1923,2416,-3,123,2076,2323,5359,1291,115,4005,151
02:12:38.068 [TLM] 38821,14979,161,417,7151,1609,2653,-6,507,1692,2707,3229,4629,115,4005,174
02:12:38.069 [TLM] 38831,14999,174,432,7178,1909,2288,-6,342,1857,2542,1894,6514,115,4005,57
02:12:38.103 [TLM] 38841,15023,188,452,7223,1879,2661,-5,258,1941,2458,3453,997,115,4005,24
02:12:38.105 [TLM] 38851,15045,201,469,7264,1837,2556,-6,418,1781,2618,1572,4907,115,4005,93
02:12:38.136 [TLM] 38861,15067,212,488,7314,1812,2582,-6,400,1799,2600,2106,4361,115,4005,34
02:12:38.172 [TLM] 38871,15089,223,507,7369,1812,2659,-6,409,1790,2609,1946,3499,115,4005,244
02:12:38.174 [TLM] 38881,15111,233,527,7425,1794,2645,-6,407,1792,2607,2241,3626,115,4005,152
02:12:38.207 [TLM] 38891,15131,240,546,7477,1728,2614,-6,412,1787,2612,2870,3957,115,4005,35
02:12:38.207 [TLM] 38901,15156,249,569,7544,1768,2638,-6,407,1792,2607,2229,3239,115,4005,210
02:12:38.242 [TLM] 38911,15175,254,588,7598,1810,2591,-6,406,1793,2606,1796,3903,115,4005,144
02:12:38.242 [TLM] 38921,15200,259,612,7662,1736,2568,-6,410,1789,2610,2723,3921,115,4005,184
02:12:38.276 [TLM] 38931,15222,263,634,7714,1960,2481,-4,133,2066,2333,4302,528,115,4005,7
02:12:38.312 [TLM] 38941,15244,266,655,7745,1809,2592,-5,442,1757,2642,120,5477,111,4005,219
02:12:38.312 [TLM] 38951,15266,267,677,7784,2145,2264,-3,390,1809,2590,-1610,6955,111,4005,117
02:12:38.347 [TLM] 38961,15286,268,697,7817,1529,2869,-4,-64,2264,2135,11814,-6230,111,4005,120
02:12:38.348 [TLM] 38971,15306,269,717,7848,2006,2095,-6,1245,954,3445,-12000,12000,111,4005,29
02:12:38.382 [TLM] 38981,15331,268,743,7901,1914,2765,-6,409,1790,2609,435,2600,111,4005,60
02:12:38.383 [TLM] 38991,15352,266,764,7957,1774,2530,-6,413,1786,2613,2227,5569,111,4005,47
02:12:38.417 [TLM] 39001,15375,263,787,8012,1798,2780,-6,411,1788,2611,2022,1857,111,4005,167
02:12:38.454 [TLM] 39011,15397,259,808,8067,1888,2537,-6,406,1793,2606,892,4977,111,4005,227
02:12:38.457 [TLM] 39021,15419,254,829,8126,1802,2676,-6,410,1789,2610,1925,3131,111,4005,98
02:12:38.488 [TLM] 39031,15441,247,850,8183,1835,2637,-6,405,1794,2605,1497,3533,111,4005,58
02:12:38.489 [TLM] 39041,15461,240,869,8240,1789,2652,-6,410,1789,2610,2025,3237,111,4005,56
02:12:38.520 [TLM] 39051,15486,230,891,8307,1816,2669,-6,409,1790,2609,1690,2907,111,4005,45
02:12:38.521 [TLM] 39061,15507,220,910,8368,1771,2587,-6,408,1791,2608,2246,3816,111,4005,34
02:12:38.556 [TLM] 39071,15530,208,929,8428,1738,2610,-6,410,1789,2610,2583,3450,111,4005,28
02:12:38.592 [TLM] 39081,15552,195,948,8488,2003,2412,-3,-110,2310,2089,7325,-2127,111,4005,233
02:12:38.593 [TLM] 39091,15571,184,963,8510,1904,2466,-6,887,1312,3087,-6614,12000,111,4005,75
02:12:38.628 [TLM] 39101,15596,168,982,8563,2133,2204,0,-532,2732,1667,12000,-6127,111,4005,251
02:12:38.629 [TLM] 39111,15614,156,996,8574,1560,2557,-5,418,1781,2618,4572,4837,111,4005,137
02:12:38.662 [TLM] 39121,15639,139,1014,8619,2205,2275,-5,790,1409,2990,-8060,12000,111,4005,175
02:12:38.663 [TLM] 39131,15661,123,1030,8668,1800,2855,-6,403,1796,2603,2353,898,111,4005,197
02:12:38.697 [TLM] 39141,15683,108,1044,8723,1785,2575,-6,409,1790,2609,2540,4423,111,4005,46
02:12:38.732 [TLM] 39151,15704,90,1057,8775,1799,2584,-6,410,1789,2610,2309,4456,111,4005,48
02:12:38.733 [TLM] 39161,15724,74,1069,8826,1785,2604,-6,408,1791,2608,2435,4129,111,4005,225
02:12:38.767 [TLM] 39171,15749,53,1082,8886,1915,2590,-7,677,1522,2877,-3688,8518,111,4005,231
02:12:38.768 [TLM] 39181,15769,36,1092,8949,1734,2778,-7,428,1771,2628,3020,1941,111,4005,73
02:12:38.802 [TLM] 39191,15794,13,1102,9012,1672,2947,-8,459,1740,2659,2971,255,111,4005,133
02:12:38.803 [TLM] 39201,15816,-6,1110,9068,1942,2465,-7,1163,1036,3363,-10396,12000,111,4005,70
02:12:38.837 [TLM] 39211,15838,-27,1117,9133,1951,2652,-6,408,1791,2608,488,2589,111,4005,50
02:12:38.874 [TLM] 39221,15859,-48,1123,9189,1791,2623,-6,407,1792,2607,2329,3046,111,4005,55
02:12:38.875 [TLM] 39231,15879,-67,1127,9238,1884,2484,-4,120,2079,2320,5741,362,111,4005,171
02:12:38.907 [TLM] 39241,15903,-91,1131,9279,1798,2602,-5,807,1392,3007,-3574,8964,111,4005,194
02:12:38.908 [TLM] 39251,15923,-111,1133,9320,1805,2540,-6,413,1786,2613,1300,5180,111,4005,133
02:12:38.942 [TLM] 39261,15947,-135,1135,9384,1742,2617,-6,412,1787,2612,2338,3610,111,4005,178
02:12:38.943 [TLM] 39271,15970,-157,1135,9437,1848,2660,-6,458,1741,2658,366,3777,111,4005,10
02:12:38.976 [TLM] 39281,15991,-178,1134,9498,1767,2616,-6,410,1789,2610,2223,3634,111,4005,92
02:12:39.012 [TLM] 39291,16014,-201,1132,9556,1790,2774,-6,410,1789,2610,1957,1527,111,4005,157
02:12:39.048 [TLM] 39301,16033,-220,1128,9607,1835,2595,-6,414,1785,2614,1418,3908,111,4005,52
02:12:39.049 [TLM] 39311,16057,-244,1123,9671,1799,2587,-6,407,1792,2607,1923,3820,111,4005,96
02:12:39.049 [TLM] 39321,16077,-263,1118,9723,1865,2643,-4,-663,2863,1536,12000,-12000,111,4005,174
02:12:39.082 [TLM] 39331,16100,-285,1110,9757,1904,2383,-5,525,1674,2725,-974,8304,111,4005,25
02:12:39.082 [TLM] 39341,16124,-307,1102,9795,2192,2363,-3,204,1995,2404,49,3176,111,4005,225
02:12:39.117 [TLM] 39351,16145,-327,1094,9821,2019,2339,-3,202,1997,2402,2277,3644,111,4005,168
02:12:39.152 [TLM] 39361,16167,-347,1085,9854,1803,2578,-5,366,1833,2566,2318,3682,111,4005,44
02:12:39.153 [TLM] 39371,16189,-367,1076,9899,1980,2406,-4,527,1672,2727,-2069,7757,111,4005,149
02:12:39.188 [TLM] 39381,16212,-386,1065,9950,1907,2761,-5,-114,2314,2085,7588,-5327,111,4005,117
02:12:39.190 [TLM] 39391,16231,-403,1055,9988,1846,2572,-5,533,1666,2733,-843,5964,111,4005,232
02:12:39.222 [TLM] 39401,16254,-422,1042,10034,2124,2146,-1,168,2031,2368,2184,5011,111,20389,173
02:12:39.223 [TLM] 39411,16276,-440,1029,10059,1665,2770,-6,198,2001,2398,6406,-730,111,20389,6
02:12:39.257 [TLM] 39421,16297,-456,1016,10088,2251,1849,-2,391,1808,2591,-3003,12000,111,4133,130
02:12:39.292 [TLM] 39431,16321,-475,1001,10122,2010,2710,0,-639,2839,1560,12000,-12000,111,4133,10
02:12:39.293 [TLM] 39441,16341,-490,988,10125,1889,2267,-4,1009,1190,3209,-7427,12000,111,4133,159
02:12:39.329 [TLM] 39451,16360,-505,975,10155,2123,2066,0,-8,2208,2191,5976,3817,111,4133,221
02:12:39.330 [TLM] 39461,16386,-524,958,10154,2202,2434,-1,155,2044,2355,1689,2184,111,4133,24
02:12:39.363 [TLM] 39471,16407,-539,944,10169,2244,2146,0,-5,2205,2194,3899,3003,111,4133,29
02:12:39.363 [TLM] 39481,16429,-556,929,10176,1789,2584,-2,-262,2462,1937,11640,-4834,111,4133,47
02:12:39.396 [TLM] 39491,16450,-571,914,10208,2137,2132,0,1,2198,2201,5073,3864,111,4133,163
02:12:39.433 [TLM] 39501,16473,-587,898,10214,2282,2176,0,-427,2627,1772,9468,-2889,111,4133,125
02:12:39.433 [TLM] 39511,16495,-602,883,10199,2205,2312,0,2,2197,2202,3876,1586,111,4133,64
02:12:39.467 [TLM] 39521,16517,-618,868,10190,2239,2149,0,3,2196,2203,3270,3528,111,4133,47
02:12:39.467 [TLM] 39531,16537,-633,853,10180,2251,2186,0,0,2199,2200,2801,2855,111,4133,84
02:12:39.502 [TLM] 39541,16562,-651,837,10171,2294,2227,0,5,2194,2205,1806,2439,111,4133,225
02:12:39.504 [TLM] 39551,16584,-667,822,10168,2279,2234,0,26,2173,2226,1485,2685,111,4133,181
02:12:39.536 [TLM] 39561,16606,-684,807,10170,2180,2256,0,-61,2261,2138,3786,1169,111,4133,130
02:12:39.607 [TLM] 39571,16628,-700,792,10173,2176,2244,0,9,2190,2209,2870,2170,111,4133,10
02:12:39.608 [TLM] 39581,16649,-715,778,10174,2169,2234,-3,128,2071,2328,1029,3976,111,4133,133
02:12:39.608 [TLM] 39591,16672,-732,762,10186,2274,2091,0,15,2184,2215,1144,4705,111,53285,129
02:12:39.610 [TLM] 39601,16694,-747,747,10197,2157,2208,0,6,2193,2206,3141,2908,111,4134,223
02:12:39.680 [TLM] 39611,16716,-763,731,10201,2144,2230,0,-3,2203,2196,3446,2175,111,4134,115
02:12:39.681 [TLM] 39621,16738,-779,715,10202,2226,2217,0,-1,2201,2198,2351,2401,111,4134,128
02:12:39.681 [TLM] 39631,16760,-795,700,10203,2223,2198,0,-3,2203,2196,2412,2609,111,4134,202
02:12:39.682 [TLM] 39641,16783,-811,684,10200,2329,2150,1,-103,2303,2096,2801,1323,111,4134,123
02:12:39.711 [TLM] 39651,16805,-826,669,10193,2189,2242,0,3,2196,2203,2755,2020,111,4134,55
02:12:39.785 [TLM] 39661,16824,-840,655,10192,2188,2159,0,-129,2329,2070,4700,1149,111,4134,106
02:12:39.786 [TLM] 39671,16849,-858,638,10184,2170,2365,0,-1,2201,2198,2987,333,111,4134,95
02:12:39.786 [TLM] 39681,16870,-874,624,10179,2232,2148,0,3,2196,2203,2186,3137,111,4134,80
02:12:39.787 [TLM] 39691,16892,-890,609,10175,2211,2164,0,0,2200,2199,2482,2949,111,4134,178
02:12:39.850 [TLM] 39701,16915,-906,593,10174,2222,2215,0,0,2199,2200,2239,2359,111,4134,126
02:12:39.851 [TLM] 39711,16937,-922,578,10174,2240,2230,0,-5,2205,2194,2080,2119,111,4134,188
02:12:39.852 [TLM] 39721,16958,-938,564,10175,2141,2274,0,-224,2424,1975,6257,-1225,111,4134,98
02:12:39.959 [TLM] 39731,16981,-955,548,10185,2202,2212,0,6,2193,2206,2647,2253,111,4134,138
02:12:39.959 [TLM] 39741,17000,-969,535,10183,2207,2195,0,-39,2239,2160,3316,1910,111,4134,118
02:12:39.959 [TLM] 39751,17025,-986,518,10179,2227,2189,0,0,2200,2199,2436,2614,111,4134,134
02:12:39.960 [TLM] 39761,17046,-1002,503,10168,2125,2180,0,472,1727,2672,-2857,9475,111,4134,98
02:12:39.961 [TLM] 39771,17069,-1019,488,10168,2222,2208,0,1,2198,2201,2656,2291,111,4134,95
02:12:39.962 [TLM] 39781,17091,-1035,473,10160,2232,2215,0,95,2104,2295,940,3801,111,4134,117
02:12:39.992 [TLM] 39791,17111,-1050,460,10162,2260,2246,0,-3,2203,2196,2095,1880,111,4134,161
02:12:40.027 [TLM] 39801,17135,-1068,443,10161,2275,2147,0,0,2199,2200,1529,3279,111,4134,68
02:12:40.028 [TLM] 39811,17154,-1082,430,10160,2127,2170,0,3,2196,2203,3378,2980,111,4134,159
02:12:40.061 [TLM] 39821,17179,-1100,414,10162,2128,2237,0,0,2199,2200,3225,2206,111,4134,245
02:12:40.062 [TLM] 39831,17201,-1117,399,10167,2220,2226,0,0,2199,2200,2191,2229,111,4134,221
02:12:40.138 [TLM] 39841,17223,-1133,384,10168,2179,2160,0,0,2200,2200,2808,3046,111,4134,28
02:12:40.138 [TLM] 39851,17245,-1149,369,10167,2211,2176,0,-3,2203,2196,2445,2696,111,4134,19
02:12:40.139 [TLM] 39861,17265,-1164,356,10166,2208,2203,-2,503,1696,2703,-5022,9812,111,20518,253
02:12:40.170 [TLM] 39871,17289,-1182,339,10201,2059,2466,0,-349,2549,1850,9497,-6168,111,4262,124
02:12:40.171 [TLM] 39881,17308,-1195,326,10207,1773,2403,-6,413,1786,2613,321,7784,111,4262,170
02:12:40.238 [TLM] 39891,17332,-1212,308,10264,1679,2680,-6,410,1789,2610,2235,3930,111,4262,6
02:12:40.239 [TLM] 39901,17354,-1226,291,10325,1747,2690,-12,1966,233,4166,-12000,12000,111,4262,99
02:12:40.272 [TLM] 39911,17376,-1238,274,10433,1011,3367,-15,1024,1175,3224,-179,6867,111,4262,116
02:12:40.274 [TLM] 39921,17398,-1248,254,10593,960,3525,-15,1029,1170,3229,1201,3801,111,4262,44
02:12:40.275 [TLM] 39931,17417,-1254,236,10742,907,3401,-16,1029,1170,3229,2830,4715,111,4262,165
02:12:40.340 [TLM] 39941,17441,-1258,212,10932,476,3826,-21,1507,692,3707,1232,6672,111,4262,233
02:12:40.342 [TLM] 39951,17461,-1257,192,11120,1324,3119,-16,1019,1180,3219,-183,6452,111,4262,235
02:12:40.378 [TLM] 39961,17483,-1251,171,11311,645,3447,-19,1174,1025,3374,5530,6022,111,4262,73
02:12:40.378 [TLM] 39971,17506,-1242,150,11492,911,3310,-20,2066,133,4266,-9617,12000,111,4262,111
02:12:40.379 [TLM] 39981,17527,-1230,133,11668,579,3996,-22,1428,771,3628,4353,2883,111,4262,111
02:12:40.380 [TLM] 39991,17549,-1215,118,11845,767,3606,-22,1430,769,3630,1964,7949,111,4262,165
02:12:40.451 [TLM] 40001,17571,-1197,104,12010,902,3125,-19,1227,972,3427,3777,9294,111,4262,162
02:12:40.452 [TLM] 40011,17592,-1178,95,12137,1090,3721,-18,1084,1115,3284,3661,2,111,4262,62
02:12:40.452 [TLM] 40021,17615,-1156,87,12274,1561,2771,-13,395,1804,2595,8141,1745,111,4262,61
02:12:40.519 [TLM] 40031,17637,-1135,82,12375,1174,3040,-13,524,1675,2724,10524,934,111,4262,22
02:12:40.519 [TLM] 40041,17661,-1112,79,12482,1969,2864,-9,-22,2222,2177,8515,-4957,111,4262,10
02:12:40.520 [TLM] 40051,17682,-1091,78,12544,1825,2486,-6,416,1783,2616,3864,5791,111,4262,8
02:12:40.522 [TLM] 40061,17706,-1067,78,12599,2176,2491,-5,-23,2223,2176,5153,-481,111,4262,138
02:12:40.552 [TLM] 40071,17727,-1045,79,12632,2314,2209,-2,104,2095,2304,2009,4045,111,4262,110
02:12:40.626 [TLM] 40081,17750,-1022,81,12639,1900,2698,-3,-279,2479,1920,12000,-7253,111,4262,90
02:12:40.626 [TLM] 40091,17769,-1004,82,12635,2520,1850,-2,768,1431,2968,-9900,12000,111,4262,190
02:12:40.626 [TLM] 40101,17793,-980,84,12648,2101,2208,0,-33,2233,2166,6505,2231,111,4262,109
02:12:40.628 [TLM] 40111,17814,-958,86,12651,2235,2218,0,-1,2201,2198,4150,3756,111,4262,4
02:12:40.657 [TLM] 40121,17837,-935,88,12653,2505,2166,3,-621,2821,1578,10036,-5404,111,4262,231
02:12:40.691 [TLM] 40131,17859,-914,89,12619,2248,2201,0,-1,2201,2198,2724,4083,111,4262,105
02:12:40.692 [TLM] 40141,17879,-893,90,12618,2102,2252,0,-6,2206,2193,4654,2974,111,37030,63
02:12:40.726 [TLM] --- TELEMETRY END ---