05:22:37.261 [TLM] --- TELEMETRY START (697 samples) ---
05:22:37.263 [TLM] Time_ms,Dist_mm,X_mm,Y_mm,Yaw_mrad,VelL_mmps,VelR_mmps,LinePos,PidLine,PidLSet,PidRSet,PidLOut,PidROut,Bat_dv,Markers,F
05:22:37.264 [TLM] 34878,18,18,0,-2,1596,1602,0,-13,1701,1674,8534,7958,120,32,90
05:22:37.264 [SMA] Transition: [telemetry] -> [full_stop]
05:22:37.266 [TLM] 34888,41,41,0,-14,2208,1898,0,301,1466,2069,-3785,8188,120,32,90
05:22:37.299 [TLM] 34898,61,61,0,-15,2029,2055,0,0,1847,1848,2650,2563,120,32,90
05:22:37.299 [TLM] 34908,79,79,0,-9,2014,2048,0,-4,1932,1923,3396,2859,120,32,90
05:22:37.331 [TLM] 34918,102,102,0,-11,2080,2058,0,2,2005,2010,3315,3613,120,32,90
05:22:37.332 [TLM] 34928,123,123,-1,-12,2106,2100,0,0,2087,2088,3963,4050,120,32,90
05:22:37.366 [TLM] 34938,144,144,-1,-12,2112,2179,0,-2,2170,2165,4976,4026,120,32,90
05:22:37.401 [TLM] 34948,167,167,-1,-12,2257,2258,0,-3,2251,2244,4163,4006,120,32,90
05:22:37.402 [TLM] 34958,191,191,-2,-14,2344,2301,0,-3,2331,2324,4141,4597,120,32,90
05:22:37.437 [TLM] 34968,215,215,-2,-15,2379,2438,0,3,2404,2411,4685,4131,120,32,90
05:22:37.437 [TLM] 34978,237,237,-2,-14,2463,2491,0,4,2483,2492,4752,4620,120,32,90
05:22:37.471 [TLM] 34988,265,265,-3,-14,2556,2512,0,-1,2569,2566,4752,5354,120,32,90
05:22:37.472 [TLM] 34998,292,292,-3,-14,2672,2643,0,0,2600,2599,3539,4031,120,32,90
05:22:37.506 [TLM] 35008,319,319,-3,-12,2644,2636,0,-5,2605,2594,3827,3911,120,32,90
05:22:37.541 [TLM] 35018,345,345,-4,-12,2682,2647,0,-106,2706,2493,4827,1615,120,16416,90
05:22:37.542 [TLM] 35028,369,369,-4,-17,2516,2667,0,-6,2606,2593,5097,2923,120,160,90
05:22:37.578 [TLM] 35038,398,398,-5,-13,2463,2754,-6,760,1839,3360,-8423,12000,120,160,90
05:22:37.579 [TLM] 35048,419,419,-4,48,1296,3610,-12,1153,1446,3753,-1794,12000,120,160,90
05:22:37.613 [TLM] 35058,449,448,0,227,1188,4076,-12,1155,1444,3755,487,7373,120,160,90
05:22:37.613 [TLM] 35068,472,470,7,404,1193,4041,-13,1337,1262,3937,-982,9221,120,160,90
05:22:37.647 [TLM] 35078,500,494,21,646,805,4259,-15,1426,1173,4026,3060,7883,120,16544,90
05:22:37.685 [TLM] 35088,525,512,39,866,1245,3841,-13,1195,1404,3795,2900,7937,120,288,90
05:22:37.686 [TLM] 35098,551,527,60,1061,1402,3687,-12,1146,1453,3746,2806,8571,120,288,90
05:22:37.718 [TLM] 35108,574,536,81,1221,1385,3757,-9,176,2423,2776,12000,-7151,120,288,90
05:22:37.752 [TLM] 35118,601,543,107,1353,2048,3090,-8,1422,1177,4022,-6493,12000,120,288,90
05:22:37.753 [TLM] 35128,623,546,129,1449,1804,3351,-6,198,2401,2798,12000,-2270,120,288,90
05:22:37.754 [TLM] 35138,652,548,157,1533,2213,3071,-6,564,2035,3164,4756,7092,120,288,90
05:22:37.787 [TLM] 35148,675,548,180,1586,2567,2637,-2,-29,2629,2570,9847,3206,120,288,90
05:22:37.822 [TLM] 35158,703,548,209,1607,2104,3017,-3,-437,3037,2162,12000,-6020,120,288,90
05:22:37.822 [TLM] 35168,730,546,236,1637,2789,2436,0,62,2537,2662,5524,6561,120,288,90
05:22:37.857 [TLM] 35178,758,544,263,1635,2566,2767,0,-105,2705,2494,9400,440,120,288,90
05:22:37.857 [TLM] 35188,785,543,291,1623,2939,2544,0,299,2300,2899,-2156,9038,120,288,90
05:22:37.893 [TLM] 35198,809,541,315,1624,2603,2681,0,-25,2625,2574,6334,2649,120,288,90
05:22:37.894 [TLM] 35208,836,540,342,1613,2810,2625,1,-1140,3740,1459,12000,-12000,120,288,90
05:22:37.927 [TLM] 35218,865,539,370,1598,2717,2653,0,-1,2601,2598,3407,3336,120,288,90
05:22:37.961 [TLM] 35228,891,538,396,1595,2624,2622,0,-5,2605,2594,4225,3475,120,288,90
05:22:37.961 [TLM] 35238,918,538,423,1594,2632,2646,0,8,2591,2608,3591,3238,120,288,90
05:22:37.997 [TLM] 35248,944,537,450,1588,2808,2450,1,-220,2820,2379,4975,1623,120,288,90
05:22:37.997 [TLM] 35258,968,537,473,1569,2520,2644,0,-2,2602,2597,4569,3031,120,288,90
05:22:38.035 [TLM] 35268,996,537,501,1574,2557,2580,1,-622,3222,1977,12000,-5364,120,288,90
05:22:38.035 [TLM] 35278,1023,537,528,1549,2767,2561,0,276,2323,2876,-2377,7513,120,288,90
05:22:38.067 [TLM] 35288,1048,538,553,1542,2559,2559,0,11,2588,2611,4279,3772,120,288,90
05:22:38.101 [TLM] 35298,1072,539,577,1534,2660,2602,0,15,2584,2615,2801,3403,120,288,90
05:22:38.102 [TLM] 35308,1100,540,605,1540,2393,2786,0,-264,2864,2335,10029,-2599,120,288,90
05:22:38.137 [TLM] 35318,1126,541,631,1535,2582,2547,-2,688,1911,3288,-6237,12000,120,288,90
05:22:38.138 [TLM] 35328,1152,541,657,1562,2378,2635,0,1,2598,2601,7148,2495,120,288,90
05:22:38.172 [TLM] 35338,1175,541,680,1566,2599,2562,0,5,2594,2605,4374,3867,120,288,90
05:22:38.173 [TLM] 35348,1201,541,706,1563,2637,2523,0,-1,2601,2598,3923,4366,120,288,90
05:22:38.207 [TLM] 35358,1230,542,735,1557,2637,2584,0,-1,2601,2598,3750,3709,120,288,90
05:22:38.243 [TLM] 35368,1256,542,761,1555,2607,2564,0,-1,2601,2598,3866,3969,120,288,90
05:22:38.244 [TLM] 35378,1283,543,788,1553,2623,2648,0,11,2588,2611,3229,2977,120,288,90
05:22:38.277 [TLM] 35388,1309,543,814,1554,2585,2618,0,2,2597,2602,3702,3171,120,288,90
05:22:38.278 [TLM] 35398,1332,543,838,1554,2620,2631,0,-11,2611,2588,3338,2783,120,16672,90
05:22:38.312 [TLM] 35408,1360,544,866,1539,2869,2131,6,-581,3181,2018,11539,-1927,118,416,90
05:22:38.312 [TLM] 35418,1387,546,892,1460,3283,1912,7,-1126,3726,1473,12000,-6887,118,416,90
05:22:38.346 [TLM] 35428,1411,550,916,1324,4008,862,12,-1149,3749,1450,7144,4986,118,416,90
05:22:38.381 [TLM] 35438,1437,559,940,1149,3769,1354,12,-1092,3692,1507,9100,115,118,416,90
05:22:38.383 [TLM] 35448,1463,572,963,967,3716,1200,14,-2477,5077,122,12000,-12000,118,416,90
05:22:38.419 [TLM] 35458,1486,587,980,757,4358,594,16,-1367,3967,1232,7960,9106,118,416,90
05:22:38.420 [TLM] 35468,1509,606,994,553,4222,711,16,-1308,3908,1291,5782,7936,118,416,90
05:22:38.451 [TLM] 35478,1536,630,1005,335,3423,1212,13,-1103,3703,1496,12000,6114,118,544,90
05:22:38.452 [TLM] 35488,1562,655,1011,194,4127,1522,13,-909,3509,1690,239,5523,118,544,90
05:22:38.487 [TLM] 35498,1589,682,1014,10,3657,1672,12,-1009,3609,1590,7617,2830,118,16928,90
05:22:38.527 [TLM] 35508,1614,707,1012,-150,3582,1296,12,-1152,3752,1447,10443,5492,118,672,90
05:22:38.527 [TLM] 35518,1640,733,1005,-307,3560,1449,11,-773,3373,1826,4746,9516,118,672,90
05:22:38.556 [TLM] 35528,1666,757,995,-448,3861,1430,12,-1155,3755,1444,7580,3763,118,672,90
05:22:38.556 [TLM] 35538,1692,779,982,-598,3777,1459,12,-1146,3746,1453,8619,3695,118,672,90
05:22:38.593 [TLM] 35548,1717,798,966,-750,3685,1214,16,-1912,4512,687,12000,-6148,118,672,90
05:22:38.594 [TLM] 35558,1740,813,949,-913,3938,1255,13,-911,3511,1688,4053,10293,118,672,90
05:22:38.627 [TLM] 35568,1769,829,924,-1088,4035,1352,12,-709,3309,1890,575,11047,118,17056,90
05:22:38.663 [TLM] 35578,1796,839,900,-1255,3937,1422,12,-1152,3752,1447,7677,4264,118,800,90
05:22:38.663 [TLM] 35588,1820,844,877,-1404,2820,1896,6,-544,3144,2055,9944,10432,118,800,90
05:22:38.697 [TLM] 35598,1844,847,852,-1478,2045,2600,0,18,2581,2618,6058,12000,118,800,90
05:22:38.697 [TLM] 35608,1869,849,828,-1481,2162,3080,-5,1290,1309,3890,-9846,12000,118,800,90
05:22:38.733 [TLM] 35618,1895,852,801,-1412,1203,3802,-13,1171,1428,3771,4348,12000,118,800,90
05:22:38.733 [TLM] 35628,1921,858,777,-1258,1019,4072,-18,2144,455,4744,-10449,12000,118,800,90
05:22:38.767 [TLM] 35638,1945,869,755,-1029,610,4423,-15,-140,2740,2459,12000,-5316,118,800,90
05:22:38.802 [TLM] 35648,1969,884,736,-807,1007,4291,-15,891,1708,3491,10501,7881,118,800,90
05:22:38.803 [TLM] 35658,2001,909,716,-556,2062,3795,-8,-593,3193,2006,12000,-10831,118,800,90
05:22:38.839 [TLM] 35668,2024,929,706,-412,1764,3549,-6,581,2018,3181,9474,6028,118,800,90
05:22:38.840 [TLM] 35678,2051,955,697,-276,1994,2578,0,-31,2631,2568,12000,5238,118,800,90
05:22:38.872 [TLM] 35688,2079,982,691,-227,3039,2995,0,-15,2615,2584,4756,244,118,800,90
05:22:38.872 [TLM] 35698,2100,1003,686,-209,2916,1233,10,-2911,5511,-311,12000,-12000,118,800,90
05:22:38.906 [TLM] 35708,2124,1026,680,-269,3611,1359,12,-1155,3755,1444,12000,418,118,800,90
05:22:38.944 [TLM] 35718,2153,1053,671,-420,4004,1026,16,-1441,4041,1158,12000,-687,118,800,90
05:22:38.944 [TLM] 35728,2179,1076,657,-616,4327,859,16,-1542,4142,1057,12000,604,118,800,90
05:22:38.977 [TLM] 35738,2207,1096,639,-840,4449,984,15,-1429,4029,1170,12000,1819,118,800,90
05:22:38.978 [TLM] 35748,2232,1110,618,-1042,4075,1497,12,-1153,3753,1446,10485,1242,118,17184,90
05:22:39.011 [TLM] 35758,2259,1121,594,-1253,3250,1604,6,-563,3163,2036,8214,12000,118,928,90
05:22:39.014 [TLM] 35768,2281,1126,572,-1360,2384,2154,0,2,2597,2602,9513,12000,118,928,90
05:22:39.048 [TLM] 35778,2310,1132,544,-1406,2223,2849,-6,580,2019,3180,-12000,12000,118,928,90
05:22:39.082 [TLM] 35788,2334,1136,520,-1383,1921,3599,-9,1701,898,4301,-11672,12000,118,928,90
05:22:39.083 [TLM] 35798,2358,1141,496,-1280,605,3882,-16,2054,545,4654,-3199,12000,118,928,90
05:22:39.118 [TLM] 35808,2382,1150,475,-1127,628,4358,-22,1219,1380,3819,5955,12000,118,928,90
05:22:39.118 [TLM] 35818,2407,1164,453,-880,-94,4594,-22,2019,580,4619,2595,12000,118,928,90
05:22:39.152 [TLM] 35828,2435,1184,435,-608,774,4655,-16,258,2341,2858,12000,-1451,118,928,90
05:22:39.152 [TLM] 35838,2463,1209,422,-376,1753,3946,-6,478,2121,3078,11486,2628,118,928,90
05:22:39.187 [TLM] 35848,2485,1231,417,-192,2372,2135,4,-1248,3848,1351,12000,-3719,118,928,90
05:22:39.222 [TLM] 35858,2509,1254,413,-112,2817,2113,6,-587,3187,2012,12000,4382,118,928,90
05:22:39.223 [TLM] 35868,2531,1276,411,-91,3518,426,12,-1148,3748,1451,12000,12000,118,928,90
05:22:39.257 [TLM] 35878,2556,1301,408,-125,3405,1380,16,-1450,4050,1149,12000,-1190,118,928,90
05:22:39.258 [TLM] 35888,2580,1325,404,-226,4286,1,24,-3222,5822,-622,12000,-11615,118,928,90
05:22:39.293 [TLM] 35898,2600,1344,398,-387,3859,465,24,-2211,4811,388,12000,-4548,118,928,90
05:22:39.293 [TLM] 35908,2629,1368,383,-638,4600,586,22,-2009,4609,590,12000,-2219,118,928,90
05:22:39.327 [TLM] 35918,2654,1386,366,-891,4661,610,18,-1210,3810,1389,12000,11131,118,928,90
05:22:39.362 [TLM] 35928,2684,1401,340,-1133,4378,1471,12,-558,3158,2041,12000,12000,118,928,90
05:22:39.364 [TLM] 35938,2717,1412,308,-1340,3814,2787,4,236,2363,2836,1948,9568,118,1056,90
05:22:39.399 [TLM] 35948,2741,1416,285,-1456,2967,2662,-1,15,2584,2615,11654,9305,118,1056,90
05:22:39.399 [TLM] 35958,2772,1418,254,-1536,2446,2994,-11,2329,270,4929,-12000,12000,118,1056,90
05:22:39.432 [TLM] 35968,2793,1419,233,-1501,1342,3392,-16,1664,935,4264,-2267,12000,118,1056,90
05:22:39.432 [TLM] 35978,2816,1422,210,-1377,748,3761,-21,1936,663,4536,-1936,12000,118,1056,90
05:22:39.470 [TLM] 35988,2840,1429,187,-1183,543,4281,-22,1857,742,4457,1882,12000,118,1056,90
05:22:39.501 [TLM] 35998,2864,1441,166,-941,248,4492,-23,2036,563,4636,2858,12000,118,1056,90
05:22:39.501 [TLM] 36008,2891,1460,147,-670,654,4641,-16,767,1832,3367,12000,12000,118,1056,90
05:22:39.536 [TLM] 36018,2922,1486,132,-422,1577,4086,-6,561,2038,3161,12000,8982,118,1056,90
05:22:39.537 [TLM] 36028,2949,1512,123,-260,2085,3863,-1,-851,3451,1748,12000,-11474,118,1056,90
05:22:39.571 [TLM] 36038,2977,1540,119,-111,2771,2873,0,-2,2602,2597,12000,9553,118,1056,90
05:22:39.573 [TLM] 36048,3006,1568,117,-38,3165,2911,0,-29,2629,2570,6773,5992,118,1056,90
05:22:39.607 [TLM] 36058,3036,1598,117,18,2339,3177,-2,117,2482,2717,12000,4797,118,1056,90
05:22:39.644 [TLM] 36068,3067,1629,118,81,2863,3079,0,-909,3509,1690,12000,-11282,118,1056,90
05:22:39.645 [TLM] 36078,3094,1656,121,99,2464,3352,-2,179,2420,2779,7804,633,118,1056,90
05:22:39.677 [TLM] 36088,3121,1683,124,111,2782,2679,0,-359,2959,2240,11258,-251,118,1184,90
05:22:39.678 [TLM] 36098,3148,1710,127,93,2797,2628,0,-4,2604,2595,4820,5382,118,1184,90
05:22:39.712 [TLM] 36108,3172,1733,128,63,3114,1972,6,-606,3206,1993,12000,2105,118,1184,90
05:22:39.713 [TLM] 36118,3203,1765,129,-30,3554,2010,6,-580,3180,2019,4402,1933,118,1184,90
05:22:39.747 [TLM] 36128,3228,1789,127,-113,3319,2161,7,-1133,3733,1466,12000,-7568,118,1184,90
05:22:39.782 [TLM] 36138,3256,1817,122,-216,3310,1949,6,-577,3177,2022,5777,3107,118,1184,90
05:22:39.782 [TLM] 36148,3283,1843,115,-312,3275,1927,6,-571,3171,2028,5261,3587,118,1184,90
05:22:39.818 [TLM] 36158,3310,1868,105,-401,3279,2070,6,-719,3319,1880,6720,-365,118,1184,90
05:22:39.819 [TLM] 36168,3336,1892,94,-491,3209,2023,6,-574,3174,2025,5284,2353,118,1184,90
05:22:39.853 [TLM] 36178,3360,1912,82,-571,3145,2057,6,-581,3181,2018,5961,1782,118,1184,90
05:22:39.853 [TLM] 36188,3388,1935,65,-680,3542,1676,6,75,2524,2675,-8453,12000,118,1184,90
05:22:39.887 [TLM] 36198,3414,1954,47,-770,3204,1999,6,-572,3172,2027,4647,3167,118,1184,90
05:22:39.922 [TLM] 36208,3438,1970,30,-844,3185,2030,6,-568,3168,2031,4942,2853,118,1184,90
05:22:39.923 [TLM] 36218,3466,1988,8,-931,3124,2094,6,-582,3182,2017,6014,1838,118,1184,90
05:22:39.956 [TLM] 36228,3489,2002,-10,-993,2958,2247,3,-89,2689,2510,66,7813,118,1184,90
05:22:39.957 [TLM] 36238,3516,2016,-33,-1054,3137,1779,6,-577,3177,2022,6340,6114,118,1184,90
05:22:39.993 [TLM] 36248,3543,2028,-57,-1122,3160,2097,6,-578,3178,2021,6091,1933,118,1184,90
05:22:39.993 [TLM] 36258,3570,2038,-81,-1195,3198,2102,6,-361,2961,2238,2504,4548,118,1184,90
05:22:40.028 [TLM] 36268,3596,2047,-106,-1280,3228,2083,6,-573,3173,2026,4755,1935,118,1184,90
05:22:40.062 [TLM] 36278,3622,2053,-132,-1362,3241,2017,6,-573,3173,2026,4420,2710,118,17568,90
05:22:40.063 [TLM] 36288,3648,2057,-158,-1443,3090,2156,4,250,2349,2850,-6246,12000,118,1312,90
05:22:40.098 [TLM] 36298,3675,2060,-184,-1490,3199,2155,5,-693,3293,1906,11986,-6914,118,1312,90
05:22:40.098 [TLM] 36308,3695,2061,-204,-1548,2246,2259,0,-635,3235,1964,12000,1535,118,17696,90
05:22:40.132 [TLM] 36318,3723,2061,-232,-1563,2811,2067,6,-578,3178,2021,12000,1828,118,1440,90
05:22:40.132 [TLM] 36328,3747,2061,-256,-1624,3284,2023,6,-582,3182,2017,6009,2362,118,1440,90
05:22:40.168 [TLM] 36338,3773,2058,-281,-1704,3240,1987,12,-1949,4549,650,12000,-12000,118,1440,90
05:22:40.203 [TLM] 36348,3801,2052,-309,-1840,3798,1474,12,-1151,3751,1448,10931,-2017,118,1440,90
05:22:40.203 [TLM] 36358,3828,2043,-334,-2017,4006,1285,12,-881,3481,1718,3211,5109,118,1440,90
05:22:40.237 [TLM] 36368,3850,2031,-354,-2170,3785,1381,12,-1479,4079,1120,12000,-3961,118,1440,90
05:22:40.238 [TLM] 36378,3878,2012,-374,-2379,3893,1227,12,-1152,3752,1447,7361,3588,118,1440,90
05:22:40.273 [TLM] 36388,3904,1992,-390,-2563,3800,1274,12,-1148,3748,1451,7784,3760,118,1440,90
05:22:40.273 [TLM] 36398,3928,1971,-402,-2722,3899,1429,3,4000,-1400,6600,-12000,12000,118,1440,90
05:22:40.306 [TLM] 36408,3953,1947,-409,-2868,2704,1993,12,-1150,3750,1449,12000,-424,118,17824,90
05:22:40.343 [TLM] 36418,3978,1923,-414,-2986,3381,1616,12,-1124,3724,1475,12000,3675,118,1568,90
05:22:40.343 [TLM] 36428,4003,1898,-417,-3095,2810,1963,6,-548,3148,2051,9607,10101,118,1568,90
05:22:40.378 [TLM] 36438,4030,1871,-417,-3141,3362,2458,6,-571,3171,2028,3482,2007,118,1568,90
05:22:40.378 [TLM] 36448,4055,1846,-416,-3198,3089,2251,6,-565,3165,2034,7126,3922,118,1568,90
05:22:40.415 [TLM] 36458,4083,1818,-414,-3236,2179,2613,0,-12,2612,2587,8529,8964,118,1568,90
05:22:40.418 [TLM] 36468,4109,1792,-411,-3235,3072,2367,2,497,2102,3097,-8242,12000,118,1568,90
05:22:40.446 [TLM] 36478,4136,1766,-409,-3234,2358,2689,0,-222,2822,2377,10769,3257,118,1568,90
05:22:40.483 [TLM] 36488,4162,1739,-406,-3234,2747,2515,0,492,2107,3092,-3883,12000,118,1568,90
05:22:40.485 [TLM] 36498,4190,1711,-404,-3221,2676,2943,-9,-1733,4333,866,12000,-12000,118,1568,90
05:22:40.518 [TLM] 36508,4211,1691,-402,-3216,2751,2158,0,0,2599,2600,5545,10119,118,50720,90
05:22:40.518 [TLM] 36518,4241,1661,-400,-3235,2499,2925,-3,606,1993,3206,-2028,10544,118,1569,90
05:22:40.552 [TLM] 36528,4265,1637,-398,-3207,2613,2509,0,-9,2609,2590,6427,5178,118,1569,90
05:22:40.553 [TLM] 36538,4293,1609,-396,-3204,2126,3050,-4,-18,2618,2581,9980,974,118,1569,90
05:22:40.587 [TLM] 36548,4315,1587,-395,-3181,2542,2323,0,4,2595,2604,7161,8566,118,1569,90
05:22:40.622 [TLM] 36558,4346,1556,-394,-3173,2641,2638,0,0,2599,2600,5189,4392,118,1569,90
05:22:40.622 [TLM] 36568,4373,1529,-393,-3168,2731,2633,0,1,2598,2601,3560,4034,118,1569,90
05:22:40.656 [TLM] 36578,4400,1502,-392,-3168,2693,2623,0,1,2598,2601,3641,3898,118,1569,90
05:22:40.657 [TLM] 36588,4426,1475,-392,-3170,2699,2657,0,467,2132,3067,-3660,9978,118,1569,90
05:22:40.693 [TLM] 36598,4453,1449,-391,-3166,2612,2655,0,-8,2608,2591,4038,3039,118,1569,90
05:22:40.693 [TLM] 36608,4479,1423,-390,-3161,2647,2626,0,-1,2601,2598,3287,3165,118,1569,90
05:22:40.728 [TLM] 36618,4506,1396,-390,-3160,2654,2629,0,27,2572,2627,2534,3428,118,1569,90
05:22:40.762 [TLM] 36628,4529,1373,-389,-3160,2599,2654,0,-3,2603,2596,3574,2576,118,50721,90
05:22:40.763 [TLM] 36638,4558,1344,-389,-3158,2320,2730,0,8,2591,2608,7663,1254,118,1570,90
05:22:40.799 [TLM] 36648,4581,1321,-388,-3160,2680,2539,0,6,2593,2606,3222,3660,118,1570,90
05:22:40.800 [TLM] 36658,4610,1292,-388,-3170,2611,2615,0,-53,2653,2546,4366,2289,118,1570,90
05:22:40.834 [TLM] 36668,4633,1269,-387,-3170,2623,2599,0,54,2545,2654,2425,4223,118,1570,90
05:22:40.834 [TLM] 36678,4662,1240,-386,-3168,2575,2566,0,4,2595,2604,3862,3698,118,1570,90
05:22:40.868 [TLM] 36688,4686,1216,-386,-3161,2397,2718,0,488,2111,3088,-406,8192,118,1570,90
05:22:40.902 [TLM] 36698,4714,1188,-385,-3169,2649,2538,0,87,2512,2687,2230,4975,118,17954,90
05:22:40.903 [TLM] 36708,4740,1162,-384,-3166,2481,2714,-2,487,2112,3087,-2105,9170,118,1698,90
05:22:40.938 [TLM] 36718,4765,1137,-384,-3120,1661,3279,-6,574,2025,3174,6126,5313,118,1698,90
05:22:40.939 [TLM] 36728,4788,1114,-386,-3040,1508,3424,-13,1152,1447,3752,-3230,12000,118,1698,90
05:22:40.972 [TLM] 36738,4817,1086,-391,-2856,973,4233,-15,1362,1237,3962,277,8484,118,1698,90
05:22:40.974 [TLM] 36748,4839,1065,-400,-2667,1168,3826,-12,1157,1442,3757,2557,9097,118,1698,90
05:22:41.007 [TLM] 36758,4867,1042,-416,-2446,1318,3770,-12,1167,1432,3767,2481,8579,118,1698,90
05:22:41.043 [TLM] 36768,4891,1025,-433,-2275,814,4309,-14,1666,933,4266,1009,9601,118,1698,90
05:22:41.043 [TLM] 36778,4917,1012,-455,-2026,1347,3611,-7,-1324,3924,1275,12000,-12000,118,1698,90
05:22:41.077 [TLM] 36788,4937,1005,-473,-1874,1618,2951,-6,572,2027,3172,12000,7347,118,1698,90
05:22:41.078 [TLM] 36798,4970,997,-506,-1751,2372,3358,-7,1064,1535,3664,-3472,8867,118,1698,90
05:22:41.113 [TLM] 36808,4996,994,-531,-1657,2213,3425,-7,803,1796,3403,1991,5100,118,18082,90
05:22:41.114 [TLM] 36818,5019,993,-555,-1560,1674,3095,-9,860,1739,3460,6454,11830,118,1826,90
05:22:41.147 [TLM] 36828,5046,995,-582,-1456,1711,3515,-10,846,1753,3446,6029,6657,118,1826,90
05:22:41.182 [TLM] 36838,5073,1000,-608,-1350,1811,3453,-12,1564,1035,4164,-6696,12000,118,1826,90
05:22:41.184 [TLM] 36848,5098,1007,-632,-1215,1483,3531,-12,1378,1221,3978,-132,12000,118,1826,90
05:22:41.219 [TLM] 36858,5122,1017,-653,-1057,1039,3941,-15,1444,1155,4044,4028,12000,118,1826,90
05:22:41.219 [TLM] 36868,5150,1034,-676,-870,1148,4285,-15,1446,1153,4046,2530,8797,118,1826,90
05:22:41.252 [TLM] 36878,5176,1053,-694,-669,1171,4132,-15,1396,1203,3996,2931,9064,118,1826,90
05:22:41.254 [TLM] 36888,5200,1073,-707,-499,1649,3534,-12,710,1889,3310,7951,5577,118,1826,90
05:22:41.287 [TLM] 36898,5230,1100,-718,-323,1416,4013,-12,1154,1445,3754,4334,5725,118,1826,90
05:22:41.323 [TLM] 36908,5251,1121,-723,-182,1704,3086,-6,271,2328,2871,12000,2477,118,1826,90
05:22:41.324 [TLM] 36918,5281,1151,-727,-78,1916,3371,-9,1415,1184,4015,-4521,12000,118,18210,90
05:22:41.359 [TLM] 36928,5303,1173,-727,14,2129,3126,-6,570,2029,3170,6927,6476,118,1954,90
05:22:41.360 [TLM] 36938,5330,1200,-726,98,1420,3366,-12,1175,1424,3775,3807,12000,118,1954,90
05:22:41.393 [TLM] 36948,5355,1224,-722,205,1779,3660,-16,2277,322,4877,-12000,12000,118,1954,90
05:22:41.394 [TLM] 36958,5380,1248,-714,381,820,4020,-14,-286,2886,2313,12000,-9887,118,1954,90
05:22:41.429 [TLM] 36968,5404,1270,-703,542,1485,3718,-14,1457,1142,4057,-1337,12000,118,1954,90
05:22:41.463 [TLM] 36978,5434,1293,-685,738,1320,4096,-13,1224,1375,3824,4642,8559,118,1954,90
05:22:41.464 [TLM] 36988,5458,1309,-668,905,1037,4130,-16,1446,1153,4046,4124,11848,118,1954,90
05:22:41.498 [TLM] 36998,5485,1323,-644,1124,1492,3342,-12,1155,1444,3755,3965,12000,118,1954,90
05:22:41.500 [TLM] 37008,5512,1332,-619,1297,1416,3908,-11,450,2149,3050,12000,-1174,118,1954,90
05:22:41.534 [TLM] 37018,5537,1337,-594,1443,1984,3117,-6,574,2025,3174,9033,7737,118,1954,90
05:22:41.534 [TLM] 37028,5564,1339,-567,1531,2163,3123,-6,576,2023,3176,6482,7639,118,1954,90
05:22:41.569 [TLM] 37038,5591,1339,-541,1599,2201,3078,-6,572,2027,3172,5305,8330,118,1954,90
05:22:41.601 [TLM] 37048,5617,1337,-515,1656,2492,2591,-1,-541,3141,2058,12000,-2673,118,1954,90
05:22:41.601 [TLM] 37058,5644,1335,-487,1659,2396,2987,-2,479,2120,3079,4340,7216,118,1954,90
05:22:41.637 [TLM] 37068,5671,1332,-461,1668,2870,2442,0,-9,2609,2590,5632,5918,118,1954,90
05:22:41.638 [TLM] 37078,5696,1330,-436,1639,2770,2442,-16,4000,-1400,6600,-12000,12000,118,51106,90
05:22:41.672 [TLM] 37088,5721,1329,-411,1623,2764,2350,-2,621,1978,3221,-5167,12000,118,1955,90
05:22:41.672 [TLM] 37098,5748,1327,-384,1630,2754,2764,0,-235,2835,2364,7187,2736,118,1955,90
05:22:41.709 [TLM] 37108,5772,1326,-360,1637,2523,2718,0,-11,2611,2588,6239,5929,118,1955,90
05:22:41.743 [TLM] 37118,5800,1324,-332,1635,3090,1897,5,-156,2756,2443,4541,11118,118,1955,90
05:22:41.744 [TLM] 37128,5827,1323,-305,1609,2615,2714,2,-523,3123,2076,12000,-2948,118,1955,90
05:22:41.779 [TLM] 37138,5856,1322,-276,1589,3142,2394,2,125,2474,2725,-2649,8871,118,1955,90
05:22:41.779 [TLM] 37148,5878,1321,-254,1589,2564,2391,5,-938,3538,1661,12000,-6770,118,1955,90
05:22:41.812 [TLM] 37158,5905,1321,-227,1556,2714,2303,0,40,2559,2640,3415,10454,118,18339,90
05:22:41.813 [TLM] 37168,5932,1322,-200,1544,3074,2172,4,-1368,3968,1231,12000,-9573,118,2083,90
05:22:41.848 [TLM] 37178,5959,1324,-173,1470,3388,2104,6,-611,3211,1988,6786,1269,118,2083,90
05:22:41.884 [TLM] 37188,5983,1327,-149,1386,3357,1965,6,-579,3179,2020,5785,3215,118,2083,90
05:22:41.885 [TLM] 37198,6011,1334,-122,1271,3973,1076,12,-1156,3756,1443,8434,3742,118,2083,90
05:22:41.918 [TLM] 37208,6035,1343,-100,1126,3950,1434,16,-2321,4921,278,12000,-12000,118,2083,90
05:22:41.919 [TLM] 37218,6063,1358,-77,900,4044,1169,15,-1420,4020,1179,12000,-1400,118,2083,90
05:22:41.952 [TLM] 37228,6086,1374,-60,711,3957,1218,13,-864,3464,1735,4144,6962,118,2083,90
05:22:41.952 [TLM] 37238,6112,1396,-46,497,3864,1034,12,-1152,3752,1447,8636,7478,118,2083,90
05:22:41.987 [TLM] 37248,6136,1418,-37,332,3718,1326,10,83,2516,2683,-7555,12000,118,18467,90
05:22:42.022 [TLM] 37258,6163,1444,-30,185,3067,1795,8,-1220,3820,1379,12000,147,118,2211,90
05:22:42.023 [TLM] 37268,6190,1471,-27,85,3772,1713,8,-748,3348,1851,1879,7786,118,2211,90
05:22:42.056 [TLM] 37278,6214,1495,-26,0,2650,2471,6,-588,3188,2011,12000,1368,118,18595,90
05:22:42.058 [TLM] 37288,6241,1522,-27,-81,3085,1899,6,-681,3281,1918,10624,5854,118,2339,90
05:22:42.092 [TLM] 37298,6268,1549,-31,-168,3402,1885,9,-1101,3701,1498,12000,-1239,118,2339,90
05:22:42.092 [TLM] 37308,6292,1572,-36,-281,3416,1960,8,-655,3255,1944,6455,4165,118,2339,90
05:22:42.128 [TLM] 37318,6318,1596,-45,-414,3563,1074,12,-1449,4049,1150,12000,-889,118,2339,90
05:22:42.163 [TLM] 37328,6344,1619,-58,-566,3957,1597,12,-869,3469,1730,3725,4497,118,2339,90
05:22:42.165 [TLM] 37338,6373,1642,-75,-739,4015,1442,12,-1144,3744,1455,6576,2714,118,2339,90
05:22:42.197 [TLM] 37348,6397,1658,-93,-914,3919,964,15,-1409,4009,1190,12000,3990,118,2339,90
05:22:42.199 [TLM] 37358,6424,1672,-116,-1105,3793,1230,13,-1183,3783,1416,9792,4621,118,2339,90
05:22:42.233 [TLM] 37368,6451,1681,-141,-1279,3890,1455,12,-1155,3755,1444,7509,2817,118,18723,90
05:22:42.233 [TLM] 37378,6475,1686,-165,-1441,3361,1595,6,-509,3109,2090,2054,12000,118,2467,90
05:22:42.268 [TLM] 37388,6500,1688,-190,-1549,3208,1946,6,-573,3173,2026,5754,8953,118,2467,90
05:22:42.303 [TLM] 37398,6527,1687,-217,-1629,2667,2305,1,499,2100,3099,-4629,12000,118,2467,90
05:22:42.303 [TLM] 37408,6553,1685,-243,-1650,3330,1878,6,-580,3180,2019,5217,7965,103,2467,90
05:22:42.338 [TLM] 37418,6574,1683,-264,-1706,2325,1762,0,2,2597,2602,7422,12000,103,2467,90
05:22:42.338 [TLM] 37428,6595,1679,-284,-1755,2361,1737,-6,2007,592,4607,-12000,12000,103,2467,90
05:22:42.372 [TLM] 37438,6612,1676,-302,-1780,2095,1752,-8,2965,-365,5565,-12000,12000,103,2467,90
05:22:42.373 [TLM] 37448,6627,1673,-315,-1772,1182,1761,-19,1972,627,4572,-12000,12000,103,18851,90
05:22:42.408 [TLM] 37458,6643,1670,-332,-1729,1566,1881,4,-3500,6100,-900,12000,-5090,103,18851,90
05:22:42.443 [TLM] 37468,6662,1667,-350,-1711,1242,2375,-8,1193,1406,3793,12000,12000,103,35235,90
05:22:42.444 [TLM] 37478,6687,1664,-375,-1679,2137,2792,-6,562,2037,3162,11991,12000,103,2468,90
05:22:42.478 [TLM] 37488,6713,1662,-401,-1651,2394,3121,-6,579,2020,3179,6934,12000,103,2468,90
05:22:42.478 [TLM] 37498,6746,1660,-434,-1606,2454,3537,-6,566,2033,3166,4404,12000,103,2468,90
05:22:42.514 [TLM] 37508,6779,1660,-467,-1550,2852,3790,0,-173,2773,2426,11153,12000,103,2468,90
05:22:42.516 [TLM] 37518,6816,1662,-504,-1496,3122,4024,5,-1603,4203,996,12000,-12000,103,2468,90
05:22:42.547 [TLM] 37528,6849,1665,-537,-1476,3548,3224,6,-575,3175,2024,8093,-208,103,2468,90
05:22:42.584 [TLM] 37538,6882,1668,-570,-1491,3639,3055,6,-573,3173,2026,4611,-2990,103,18852,90
05:22:42.584 [TLM] 37548,6908,1669,-596,-1503,2200,2972,-6,2596,3,5196,-12000,12000,103,2596,90
05:22:42.618 [TLM] 37558,6930,1671,-618,-1463,1543,3021,-17,3400,-800,6000,-12000,12000,103,2596,90
05:22:42.618 [TLM] 37568,6946,1674,-633,-1372,576,3088,-26,2555,44,5155,-12000,12000,103,2596,90
05:22:42.652 [TLM] 37578,6965,1680,-651,-1171,50,3574,-28,2591,8,5191,-12000,12000,103,2596,90
05:22:42.652 [TLM] 37588,6988,1691,-670,-902,304,4107,-23,1388,1211,3988,2733,12000,103,2596,90
05:22:42.687 [TLM] 37598,7012,1709,-687,-615,513,4325,-10,-160,2760,2439,12000,8286,103,18980,90
05:22:42.723 [TLM] 37608,7035,1730,-697,-390,1655,3730,0,-1327,3927,1272,12000,-7432,103,2724,90
05:22:42.723 [TLM] 37618,7058,1752,-703,-191,1576,2588,6,-580,3180,2019,12000,10409,103,2724,90
05:22:42.757 [TLM] 37628,7087,1781,-706,-49,2690,2902,11,-3185,5785,-585,12000,-12000,103,2724,90
05:22:42.757 [TLM] 37638,7106,1800,-707,7,2570,2283,8,-1927,4527,672,12000,-12000,103,2724,90
05:22:42.794 [TLM] 37648,7133,1827,-706,14,2922,2014,5,-69,2669,2530,12000,12000,103,2724,90
05:22:42.796 [TLM] 37658,7156,1850,-706,-23,3476,1700,-4,2102,497,4702,-12000,12000,103,2724,90
05:22:42.828 [TLM] 37668,7176,1870,-707,-88,2143,1596,-12,2055,544,4655,-5851,12000,103,2724,90
05:22:42.864 [TLM] 37678,7191,1885,-709,-120,1625,1591,-19,1734,865,4334,-1668,12000,103,2724,90
05:22:42.864 [TLM] 37688,7212,1905,-712,-113,1289,2689,-19,1713,886,4313,207,12000,103,2724,90
05:22:42.897 [TLM] 37698,7234,1928,-713,-34,1423,3074,-13,345,2254,2945,12000,12000,103,2724,90
05:22:42.898 [TLM] 37708,7265,1958,-713,57,2194,3487,-4,-192,2792,2407,12000,12000,103,2724,90
05:22:42.932 [TLM] 37718,7296,1989,-709,132,2531,3690,3,-1556,4156,1043,12000,-8139,103,2724,90
05:22:42.934 [TLM] 37728,7322,2015,-705,178,2971,3102,11,-1779,4379,820,12000,-10737,103,2724,90
05:22:42.969 [TLM] 37738,7353,2046,-699,174,3380,2549,13,-1191,3791,1408,12000,-3473,103,2724,90
05:22:43.002 [TLM] 37748,7381,2074,-695,129,3777,2366,10,-535,3135,2064,12000,4611,103,2724,90
05:22:43.002 [TLM] 37758,7414,2106,-693,46,3622,2239,6,-571,3171,2028,12000,6191,103,2724,90
05:22:43.037 [TLM] 37768,7441,2133,-693,-39,3026,2154,-1,673,1926,3273,-2436,12000,103,2852,90
05:22:43.037 [TLM] 37778,7460,2152,-694,-88,2232,2145,-8,594,2005,3194,4631,12000,103,2852,90
05:22:43.071 [TLM] 37788,7486,2178,-696,-79,1685,2912,-19,2042,557,4642,-12000,12000,103,2852,90
05:22:43.072 [TLM] 37798,7504,2196,-697,14,476,3619,-19,1726,873,4326,2114,12000,103,2852,90
05:22:43.107 [TLM] 37808,7535,2226,-693,208,1248,4067,-13,888,1711,3488,6888,12000,103,2852,90
05:22:43.144 [TLM] 37818,7563,2253,-685,401,988,4452,-15,1685,914,4285,-2004,12000,103,2852,90
05:22:43.144 [TLM] 37829,7592,2278,-670,639,1135,4630,-12,12,2587,2612,12000,2731,103,2852,90
05:22:43.177 [TLM] 37838,7622,2300,-649,864,1213,4602,-12,842,1757,3442,10112,10359,103,2852,90
05:22:43.178 [TLM] 37848,7648,2314,-627,1068,1405,4383,-11,210,2389,2810,12000,555,103,2852,90
05:22:43.213 [TLM] 37858,7678,2325,-599,1278,1878,4034,-6,-341,2941,2258,12000,-7849,103,2852,90
05:22:43.213 [TLM] 37868,7711,2331,-567,1443,2207,3990,-6,574,2025,3174,4341,2499,103,2852,90
05:22:43.247 [TLM] 37878,7734,2332,-544,1556,1820,3077,-6,576,2023,3176,9384,11904,103,2852,90
05:22:43.285 [TLM] 37888,7766,2331,-511,1672,2363,3282,-4,349,2250,2949,5070,4892,103,2852,90
05:22:43.286 [TLM] 37898,7791,2327,-487,1769,2283,2910,0,-390,2990,2209,12000,-4977,103,2852,90
05:22:43.318 [TLM] 37908,7814,2321,-465,1813,2760,2359,1,258,2341,2858,6473,10236,103,2852,90
05:22:43.318 [TLM] 37918,7841,2315,-439,1819,3058,2054,3,-60,2660,2539,7878,8704,103,2852,90
05:22:43.352 [TLM] 37928,7871,2308,-410,1786,2532,2760,0,-518,3118,2081,12000,-5292,103,2852,90
05:22:43.353 [TLM] 37938,7896,2303,-385,1763,3032,2467,0,171,2428,2771,1346,8380,103,2852,90
05:22:43.387 [TLM] 37948,7923,2298,-358,1727,3117,1884,4,-191,2791,2408,6553,9458,103,2852,90
05:22:43.423 [TLM] 37958,7950,2295,-331,1690,2788,2519,1,-208,2808,2391,8498,3429,103,2852,90
05:22:43.423 [TLM] 37968,7978,2292,-304,1663,3583,2087,3,-24,2624,2575,-4406,10905,103,2852,90
05:22:43.457 [TLM] 37978,8004,2290,-278,1648,2669,2721,6,-2541,5141,58,12000,-12000,103,2852,90
05:22:43.457 [TLM] 37988,8031,2288,-251,1632,3186,2565,6,-636,3236,1963,11579,-8387,103,2852,90
05:22:43.492 [TLM] 37998,8062,2287,-220,1586,3177,2418,2,352,2247,2952,-5631,7316,103,2852,90
05:22:43.492 [TLM] 38008,8086,2287,-196,1571,2692,2424,0,-4,2604,2595,5076,3999,103,2852,90
05:22:43.527 [TLM] 38018,8111,2287,-171,1552,2722,2396,0,0,2600,2599,4135,5187,103,2852,90
05:22:43.563 [TLM] 38028,8137,2288,-145,1526,2721,2339,-2,929,1670,3529,-10497,12000,103,2852,90
05:22:43.564 [TLM] 38038,8159,2289,-123,1523,2233,2328,-3,603,1996,3203,-120,12000,103,2852,90
05:22:43.598 [TLM] 38048,8179,2290,-102,1531,2194,2322,-3,411,2188,3011,2263,12000,103,2852,90
05:22:43.602 [TLM] 38058,8210,2291,-72,1554,2495,2911,-1,-18,2618,2581,5860,5503,103,2852,90
05:22:43.633 [TLM] 38068,8237,2291,-45,1571,2552,2849,0,-33,2633,2566,5529,4815,103,2852,90
05:22:43.634 [TLM] 38078,8265,2290,-17,1585,2703,2813,0,218,2381,2818,-17,7461,103,2852,90
05:22:43.668 [TLM] 38088,8292,2290,9,1590,2837,2558,0,339,2260,2939,-3939,11690,103,2852,90
05:22:43.705 [TLM] 38098,8319,2289,36,1586,2620,2817,0,-1,2601,2598,2968,3223,103,2852,90
05:22:43.706 [TLM] 38108,8346,2289,63,1596,2652,2762,1,-998,3598,1601,12000,-11182,103,2852,90
05:22:43.737 [TLM] 38118,8372,2288,89,1584,2558,2784,0,0,2599,2600,3665,2824,103,2852,90
05:22:43.737 [TLM] 38128,8396,2288,113,1589,2792,2560,1,97,2502,2697,207,5323,103,2852,90
05:22:43.772 [TLM] 38138,8424,2288,141,1564,2610,2555,0,-5,2605,2594,2820,5161,103,2852,90
05:22:43.773 [TLM] 38148,8450,2288,167,1564,2486,2702,0,0,2600,2599,4313,3067,103,2852,90
05:22:43.807 [TLM] 38158,8477,2288,194,1575,2534,2696,0,-3,2603,2596,3855,2729,103,2852,90
05:22:43.843 [TLM] 38168,8503,2288,220,1582,2543,2737,0,-559,3159,2040,11821,-6056,103,2852,90
05:22:43.844 [TLM] 38178,8529,2288,246,1568,3138,2101,0,1138,1461,3738,-12000,12000,103,2852,90
05:22:43.878 [TLM] 38188,8551,2288,268,1547,2453,2623,0,3,2596,2603,5005,3856,103,2852,90
05:22:43.878 [TLM] 38198,8580,2289,297,1547,2602,2663,0,-1,2601,2598,3248,3135,103,2852,90
05:22:43.912 [TLM] 38208,8607,2289,324,1549,2620,2674,0,0,2600,2599,2996,2828,103,19236,90
05:22:43.913 [TLM] 38219,8633,2290,350,1554,2640,2665,-1,582,2017,3182,-5992,11237,103,2980,90
05:22:43.947 [TLM] 38228,8654,2290,371,1588,1431,3248,-6,578,2021,3178,7755,6265,103,2980,90
05:22:43.982 [TLM] 38238,8682,2288,399,1692,1375,3518,-13,1753,846,4353,-10164,12000,103,2980,90
05:22:43.985 [TLM] 38248,8707,2282,423,1862,1093,4093,-12,-170,2770,2429,12000,-11158,103,19364,90
05:22:44.018 [TLM] 38258,8732,2273,446,2022,1272,3870,-10,-423,3023,2176,12000,-12000,103,3108,90
05:22:44.019 [TLM] 38268,8757,2261,468,2145,2111,2793,0,-184,2784,2415,12000,-1410,103,3108,90
05:22:44.054 [TLM] 38278,8781,2247,488,2186,2710,2246,6,-636,3236,1963,12000,-3899,103,3108,90
05:22:44.054 [TLM] 38288,8806,2233,509,2147,3247,1830,7,-963,3563,1636,12000,-3145,103,3108,90
05:22:44.088 [TLM] 38298,8830,2221,529,2039,3547,1315,12,-1112,3712,1487,12000,-216,103,3108,90
05:22:44.122 [TLM] 38308,8854,2211,552,1908,3901,1310,15,-2402,5002,197,12000,-12000,103,3108,90
05:22:44.122 [TLM] 38318,8885,2204,581,1716,4113,1219,18,-1781,4381,818,12000,-11789,103,3108,90
05:22:44.157 [TLM] 38328,8911,2203,607,1542,4529,1211,18,-1719,4319,880,12000,-12000,103,19492,90
05:22:44.157 [TLM] 38338,8937,2207,633,1314,3845,1019,12,-1147,3747,1452,12000,1739,103,3236,90
05:22:44.192 [TLM] 38348,8958,2215,652,1134,3674,944,4,-1044,3644,1555,12000,9639,103,3236,90
05:22:44.193 [TLM] 38358,8983,2228,674,950,2323,2201,-6,595,2004,3195,-1761,12000,103,3364,90
05:22:44.228 [TLM] 38368,9006,2242,692,901,1982,2500,-11,581,2018,3181,-882,12000,103,3364,90
05:22:44.263 [TLM] 38378,9025,2253,707,936,949,2812,-15,1629,970,4229,-3838,12000,103,3364,90
05:22:44.264 [TLM] 38388,9050,2267,729,1056,1412,3497,-12,1081,1518,3681,308,12000,103,19748,90
05:22:44.298 [TLM] 38398,9077,2278,753,1198,1946,3644,-6,560,2039,3160,5062,12000,103,3492,90
05:22:44.299 [TLM] 38408,9102,2286,777,1310,2123,3268,0,-12,2612,2587,12000,9467,103,3492,90
05:22:44.332 [TLM] 38418,9135,2293,809,1393,2549,3354,0,0,2600,2599,10565,4946,103,3492,90
05:22:44.335 [TLM] 38428,9164,2297,838,1442,2713,3104,-2,1166,1433,3766,-9416,12000,103,3492,90
05:22:44.369 [TLM] 38438,9192,2300,865,1497,2055,3542,-1,-1025,3625,1574,12000,-12000,103,3492,90
05:22:44.402 [TLM] 38448,9220,2301,894,1539,3003,2865,0,-58,2658,2541,5201,3740,103,3492,90
05:22:44.402 [TLM] 38458,9246,2301,919,1556,2304,2709,-3,365,2234,2965,5153,12000,103,3492,90
05:22:44.439 [TLM] 38468,9270,2301,944,1584,2837,2708,0,-4,2604,2595,4987,6500,103,3492,90
05:22:44.440 [TLM] 38478,9299,2301,973,1591,2672,2571,0,-140,2740,2459,7965,6330,103,3492,90
05:22:44.472 [TLM] 38488,9325,2300,999,1579,2661,2491,-4,1619,980,4219,-12000,12000,103,3492,90
05:22:44.472 [TLM] 38498,9346,2300,1020,1589,2155,2449,-3,286,2313,2886,6805,12000,103,3492,90
05:22:44.508 [TLM] 38508,9374,2300,1048,1583,2495,3040,-2,226,2373,2826,2980,10803,103,3492,90
05:22:44.542 [TLM] 38518,9403,2299,1076,1595,2649,2886,0,-109,2709,2490,6628,4621,103,19876,90
05:22:44.542 [TLM] 38528,9430,2298,1104,1599,2370,3115,-2,442,2157,3042,618,9551,103,3620,90
05:22:44.578 [TLM] 38538,9457,2297,1130,1643,2514,2763,0,493,2106,3093,-142,11931,103,3620,90
05:22:44.579 [TLM] 38548,9482,2295,1155,1685,2047,3397,-11,2886,-286,5486,-12000,12000,103,3620,90
05:22:44.613 [TLM] 38558,9510,2289,1183,1816,1567,3725,-13,2272,327,4872,-12000,12000,103,3620,90
05:22:44.613 [TLM] 38568,9534,2281,1205,1993,825,4054,-16,1545,1054,4145,-517,12000,103,3620,90
05:22:44.648 [TLM] 38578,9559,2268,1227,2225,449,4531,-17,461,2138,3061,12000,-2829,103,3620,90
05:22:44.683 [TLM] 38588,9585,2250,1244,2474,901,4143,-14,1424,1175,4024,2140,12000,103,3620,90
05:22:44.684 [TLM] 38598,9613,2225,1259,2710,1883,4038,-7,-1311,3911,1288,12000,-12000,103,3620,90
05:22:44.718 [TLM] 38608,9637,2203,1266,2886,1739,3169,-6,577,2022,3177,10723,7709,103,3620,90
05:22:44.720 [TLM] 38618,9663,2178,1271,3028,1660,2873,-5,233,2366,2833,12000,7066,103,3620,90
05:22:44.752 [TLM] 38628,9681,2159,1272,3125,1843,2511,0,21,2578,2621,12000,7402,103,3620,90
05:22:44.752 [TLM] 38638,9706,2135,1271,3186,2361,2197,-1,405,2194,3005,10329,12000,103,3620,90
05:22:44.786 [TLM] 38648,9728,2112,1270,3205,2022,2001,-6,582,2017,3182,9048,12000,103,3620,90
05:22:44.822 [TLM] 38658,9751,2090,1268,3216,2505,1935,-6,571,2028,3171,1913,12000,103,3620,90
05:22:44.823 [TLM] 38668,9775,2066,1266,3223,2147,2666,-6,527,2072,3127,6293,12000,103,3620,90
05:22:44.857 [TLM] 38678,9803,2038,1264,3246,2375,3231,-3,-235,2835,2364,12000,11022,103,3620,90
05:22:44.857 [TLM] 38688,9830,2011,1260,3272,2780,3043,0,-10,2610,2589,7291,12000,103,3620,90
05:22:44.893 [TLM] 38698,9861,1980,1256,3292,2945,2617,6,-577,3177,2022,12000,4089,103,3620,90
05:22:44.893 [TLM] 38708,9890,1951,1252,3269,3545,2578,6,-574,3174,2025,7347,2264,103,3620,90
05:22:44.928 [TLM] 38718,9921,1920,1249,3209,3268,2435,0,992,1607,3592,-12000,12000,103,3620,90
05:22:44.962 [TLM] 38728,9947,1895,1247,3189,2878,2955,1,-403,3003,2196,7911,174,103,3620,90
05:22:44.963 [TLM] 38738,9979,1863,1246,3171,2999,2778,0,612,1987,3212,-9457,12000,103,3620,90
05:22:44.999 [TLM] 38748,10004,1838,1245,3177,2639,2580,4,-1144,3744,1455,12000,-10470,103,3620,90
05:22:44.999 [TLM] 38758,10030,1811,1245,3146,2602,2735,0,-149,2749,2450,7183,2651,103,3620,90
05:22:45.032 [TLM] 38768,10059,1783,1245,3136,2886,2682,0,16,2583,2616,751,4694,103,3620,90
05:22:45.034 [TLM] 38778,10086,1756,1245,3133,2765,2713,0,-6,2606,2593,2008,3165,103,3620,90
05:22:45.068 [TLM] 38788,10113,1729,1245,3138,2711,2663,0,-317,2917,2282,7436,-1372,103,3620,90
05:22:45.102 [TLM] 38798,10137,1705,1245,3134,2575,2699,0,6,2593,2606,3454,2775,103,3620,90
05:22:45.102 [TLM] 38808,10166,1676,1245,3141,2840,2531,1,-69,2669,2530,1649,2846,103,3620,90
05:22:45.137 [TLM] 38818,10189,1652,1246,3141,2532,2629,0,-8,2608,2591,3901,2780,103,3620,90
05:22:45.138 [TLM] 38828,10218,1624,1245,3141,2568,2543,0,24,2575,2624,2968,4620,103,3620,90
05:22:45.171 [TLM] 38838,10243,1598,1245,3148,2552,2549,0,13,2586,2613,3855,4031,103,3620,90
05:22:45.173 [TLM] 38848,10267,1574,1245,3146,2582,2629,0,-1,2601,2598,3600,2747,103,3620,90
05:22:45.207 [TLM] 38858,10296,1546,1245,3146,2629,2566,0,0,2599,2600,2890,3638,103,3620,90
05:22:45.245 [TLM] 38868,10320,1522,1245,3147,2592,2646,0,3,2596,2603,3271,2508,103,3620,90
05:22:45.245 [TLM] 38879,10349,1493,1245,3145,2678,2614,0,2,2597,2602,1967,2887,103,3620,90
05:22:45.277 [TLM] 38888,10372,1470,1245,3148,2554,2625,0,-5,2605,2594,3679,2523,103,3620,90
05:22:45.277 [TLM] 38898,10401,1441,1244,3150,2603,2646,0,-4,2604,2595,3029,2184,103,3620,90
05:22:45.314 [TLM] 38908,10427,1415,1244,3148,2687,2598,0,0,2600,2599,2771,3443,103,3620,90
05:22:45.315 [TLM] 38918,10453,1389,1244,3149,2560,2581,0,-2,2602,2597,3420,2943,103,3620,90
05:22:45.348 [TLM] 38928,10479,1363,1244,3151,2577,2638,0,-6,2606,2593,3266,2225,103,3620,90
05:22:45.383 [TLM] 38938,10502,1340,1244,3150,2617,2530,0,0,2599,2600,2732,3667,103,3620,90
05:22:45.385 [TLM] 38948,10531,1311,1243,3150,2590,2617,0,-2,2602,2597,3094,2566,103,3620,90
05:22:45.418 [TLM] 38958,10554,1288,1243,3150,2642,2586,0,-1,2601,2598,2366,3038,103,3620,90
05:22:45.452 [TLM] 38968,10582,1259,1243,3151,2607,2589,0,-1,2601,2598,2897,2972,103,3620,90
05:22:45.452 [TLM] 38978,10608,1233,1243,3150,2652,2599,0,-3,2603,2596,2297,2848,103,3620,90
05:22:45.486 [TLM] 38988,10632,1210,1242,3150,2566,2630,0,0,2600,2599,3373,2447,103,3620,90
05:22:45.487 [TLM] 38998,10660,1181,1242,3151,2585,2620,0,4,2595,2604,3117,2638,103,3620,90
05:22:45.522 [TLM] 39008,10686,1155,1242,3150,2650,2589,0,-2,2602,2597,2437,2966,103,3620,90
05:22:45.523 [TLM] 39018,10712,1129,1242,3148,2600,2586,0,-1,2601,2598,2971,2985,103,3620,90
05:22:45.557 [TLM] 39028,10738,1104,1241,3150,2587,2618,0,-2,2602,2597,3100,2645,103,3620,90
05:22:45.557 [TLM] 39038,10764,1078,1241,3152,2542,2601,0,-2,2602,2597,3769,2799,103,3620,90
05:22:45.593 [TLM] 39048,10788,1054,1241,3151,2682,2593,0,-8,2608,2591,1958,2851,103,3620,90
05:22:45.593 [TLM] 39058,10816,1026,1241,3154,2602,2607,0,3,2596,2603,2873,2799,103,3620,90
05:22:45.627 [TLM] 39068,10842,1000,1240,3155,2604,2627,0,-1,2601,2598,2958,2462,103,3620,90
05:22:45.663 [TLM] 39078,10867,975,1240,3151,2503,2522,0,0,2600,2599,4461,3829,103,3620,90
05:22:45.700 [TLM] 39088,10893,949,1240,3153,2554,2530,0,-7,2607,2592,3994,3662,103,3620,90
05:22:45.702 [TLM] 39098,10919,922,1239,3150,2545,2675,0,-5,2605,2594,4031,1927,103,3620,90
05:22:45.734 [TLM] 39108,10942,899,1239,3135,2788,2293,1,-216,2816,2383,4693,3120,103,3620,90
05:22:45.734 [TLM] 39118,10971,870,1240,3108,2400,2841,-3,202,2397,2802,747,5050,103,3620,90
05:22:45.735 [TLM] 39128,10991,850,1240,3129,2018,2498,1,648,1951,3248,2985,12000,103,3620,90
05:22:45.768 [TLM] 39138,11020,822,1241,3134,2620,2414,0,346,2253,2946,595,11453,103,3620,90
05:22:45.802 [TLM] 39148,11044,798,1241,3119,2748,2545,0,8,2591,2608,3249,5664,103,3620,90
05:22:45.803 [TLM] 39158,11072,769,1242,3125,2186,2957,0,-1025,3625,1574,12000,-12000,103,3620,90
05:22:45.837 [TLM] 39168,11100,742,1242,3138,2731,2736,0,0,2599,2600,3202,2972,103,3620,90
05:22:45.838 [TLM] 39178,11126,716,1242,3139,2653,2660,0,11,2588,2611,3804,3587,103,3620,90
05:22:45.871 [TLM] 39188,11150,692,1242,3137,2655,2594,0,3,2596,2603,3597,4022,103,3620,90
05:22:45.872 [TLM] 39198,11179,663,1242,3136,2611,2689,0,252,2347,2852,-54,6544,103,3620,90
05:22:45.907 [TLM] 39208,11205,637,1242,3145,2625,2528,0,4,2595,2604,3642,4344,103,3620,90
05:22:45.943 [TLM] 39218,11232,610,1242,3141,2686,2626,0,41,2558,2641,1988,3574,103,3620,90
05:22:45.944 [TLM] 39228,11258,584,1242,3150,2771,2554,0,-13,2613,2586,1544,3440,103,3620,90
05:22:45.978 [TLM] 39238,11284,558,1242,3152,2587,2619,0,0,2600,2599,3580,2795,103,3620,90
05:22:45.978 [TLM] 39248,11308,534,1241,3151,2637,2617,0,0,2599,2600,2884,2776,103,3620,90
05:22:46.012 [TLM] 39258,11336,506,1241,3148,2605,2581,0,3,2596,2603,3184,3281,103,3620,90
05:22:46.014 [TLM] 39268,11360,482,1241,3147,2627,2640,0,4,2595,2604,2802,2547,103,3620,90
05:22:46.047 [TLM] 39278,11388,453,1241,3144,2620,2611,0,23,2576,2623,2575,3119,103,3620,90
05:22:46.083 [TLM] 39288,11412,429,1241,3143,2532,2715,0,-86,2686,2513,4697,579,103,3620,90
05:22:46.085 [TLM] 39298,11441,401,1241,3153,2615,2584,0,-1,2601,2598,2824,3085,103,3620,90
05:22:46.118 [TLM] 39308,11467,375,1240,3156,2607,2623,0,-1,2601,2598,3005,2534,103,3620,90
05:22:46.118 [TLM] 39318,11493,349,1240,3155,2629,2627,0,1,2598,2601,2632,2536,103,3620,90
05:22:46.152 [TLM] 39328,11516,326,1240,3157,2599,2627,0,-3,2603,2596,3121,2468,103,3620,90
05:22:46.153 [TLM] 39338,11544,297,1239,3158,2560,2602,0,-1,2601,2598,3597,2842,103,3620,90
05:22:46.187 [TLM] 39348,11571,271,1239,3158,2639,2587,0,-2,2602,2597,2582,3012,103,3620,90
05:22:46.222 [TLM] 39358,11597,245,1238,3160,2568,2560,0,-2,2602,2597,3473,3351,103,3620,90
05:22:46.223 [TLM] 39368,11623,219,1238,3160,2631,2594,0,14,2585,2614,2439,3126,103,3620,90
05:22:46.256 [TLM] 39378,11648,193,1237,3158,2564,2581,0,-210,2810,2389,6671,13,103,3620,90
05:22:46.258 [TLM] 39388,11673,169,1237,3155,2614,2706,0,-9,2609,2590,2976,1187,103,3620,90
05:22:46.292 [TLM] 39398,11701,141,1237,3154,2603,2555,0,-6,2606,2593,3099,3229,103,3620,90
05:22:46.293 [TLM] 39408,11726,115,1236,3152,2589,2589,0,22,2577,2622,2929,3262,112,3620,90
05:22:46.328 [TLM] 39418,11752,89,1236,3151,2632,2566,0,1,2598,2601,2664,3415,112,3620,90
05:22:46.362 [TLM] 39428,11778,63,1236,3150,2620,2589,0,-7,2607,2592,2989,3043,112,3620,90
05:22:46.363 [TLM] 39438,11804,37,1235,3150,2644,2557,0,-45,2645,2554,3485,2739,112,3620,90
05:22:46.397 [TLM] 39448,11827,14,1235,3148,2566,2608,0,-8,2608,2591,3748,2811,112,3620,90
05:22:46.398 [TLM] 39458,11856,-13,1235,3146,2544,2570,0,0,2599,2600,3744,3545,112,3620,90
05:22:46.432 [TLM] 39468,11882,-39,1235,3151,2691,2494,1,-154,2754,2445,5009,1615,112,3620,90
05:22:46.434 [TLM] 39478,11907,-65,1235,3143,2530,2611,0,2,2597,2602,4291,3356,112,3620,90
05:22:46.469 [TLM] 39488,11934,-91,1235,3147,2584,2635,0,-9,2609,2590,3841,2804,112,3620,90
05:22:46.502 [TLM] 39498,11960,-117,1235,3149,2594,2601,0,-3,2603,2596,3715,3272,112,3620,90
05:22:46.503 [TLM] 39508,11986,-143,1234,3151,2622,2578,0,11,2588,2611,3103,3752,112,3620,90
05:22:46.536 [TLM] 39518,12012,-169,1234,3152,2617,2590,0,-2,2602,2597,3288,3330,112,3620,90
05:22:46.537 [TLM] 39528,12036,-193,1234,3151,2621,2580,0,1,2598,2601,3124,3459,112,3620,90
05:22:46.571 [TLM] 39538,12065,-222,1233,3152,2605,2637,0,4,2595,2604,3252,2754,112,3620,90
05:22:46.607 [TLM] 39548,12090,-248,1233,3150,2603,2580,0,0,2600,2599,3340,3350,112,3620,90
05:22:46.607 [TLM] 39558,12117,-274,1233,3150,2578,2627,0,1,2598,2601,3491,2685,112,3620,90
05:22:46.642 [TLM] 39568,12143,-300,1233,3149,2613,2566,0,-2,2602,2597,3050,3443,112,3620,90
05:22:46.643 [TLM] 39578,12169,-326,1233,3148,2595,2611,0,1,2598,2601,3265,2908,112,3620,90
05:22:46.680 [TLM] 39588,12192,-350,1232,3145,2599,2607,0,-4,2604,2595,3238,2948,112,3620,90
05:22:46.682 [TLM] 39598,12221,-378,1232,3144,2622,2611,0,0,2600,2599,2893,2895,112,3620,90
05:22:46.712 [TLM] 39608,12246,-404,1232,3144,2571,2589,0,0,2600,2599,3559,3263,112,3620,90
05:22:46.713 [TLM] 39618,12272,-430,1232,3146,2581,2568,0,0,2600,2599,3456,3578,112,3620,90
05:22:46.747 [TLM] 39628,12298,-455,1232,3146,2558,2557,0,0,2599,2600,3735,3696,112,3620,90
05:22:46.782 [TLM] 39638,12324,-481,1232,3146,2595,2592,0,-3,2603,2596,3342,3283,112,3620,90
05:22:46.784 [TLM] 39648,12350,-507,1232,3146,2567,2571,0,-3,2603,2596,3824,3507,112,3620,90
05:22:46.819 [TLM] 39658,12376,-534,1232,3146,2574,2595,0,4,2595,2604,3587,3332,112,3620,90
05:22:46.820 [TLM] 39668,12400,-557,1232,3144,2630,2569,0,-3,2603,2596,2920,3542,112,3620,90
05:22:46.853 [TLM] 39678,12428,-586,1231,3146,2626,2634,0,5,2594,2605,2888,2820,112,3620,90
05:22:46.853 [TLM] 39688,12454,-612,1231,3144,2658,2608,0,6,2593,2606,2418,3179,112,3620,90
05:22:46.887 [TLM] 39698,12480,-637,1231,3144,2602,2593,0,-4,2604,2595,3264,3197,112,3620,90
05:22:46.922 [TLM] 39708,12506,-663,1231,3145,2552,2611,0,1,2598,2601,3866,3073,112,3620,90
05:22:46.923 [TLM] 39718,12532,-689,1231,3146,2590,2600,0,0,2600,2599,3457,3185,112,3620,90
05:22:46.957 [TLM] 39728,12556,-713,1231,3145,2585,2643,0,-1,2601,2598,3506,2587,112,3620,90
05:22:46.957 [TLM] 39738,12584,-741,1231,3145,2583,2546,0,0,2599,2600,3510,3928,112,3620,90
05:22:46.995 [TLM] 39748,12610,-767,1231,3145,2598,2609,0,3,2596,2603,3327,3129,112,3620,90
05:22:46.995 [TLM] 39758,12636,-794,1231,3141,2624,2622,0,-3,2603,2596,3048,2872,112,3620,90
05:22:47.027 [TLM] 39768,12662,-820,1231,3140,2606,2622,0,4,2595,2604,3163,2920,112,3620,90
05:22:47.063 [TLM] 39778,12688,-846,1231,3139,2608,2621,0,4,2595,2604,3110,2946,112,3620,90
05:22:47.063 [TLM] 39788,12714,-872,1231,3139,2518,2683,0,-42,2642,2557,4883,1516,112,3620,90
05:22:47.097 [TLM] 39798,12740,-898,1231,3139,2545,2662,0,92,2507,2692,2183,4068,112,3620,90
05:22:47.099 [TLM] 39808,12764,-921,1231,3145,2571,2511,0,0,2600,2599,3515,4263,112,3620,90
05:22:47.132 [TLM] 39818,12792,-949,1231,3149,2481,2656,0,353,2246,2953,-207,7370,112,3620,90
05:22:47.170 [TLM] 39828,12818,-975,1230,3158,2588,2606,0,0,2600,2599,3365,3004,112,3620,90
05:22:47.171 [TLM] 39838,12844,-1001,1230,3164,2580,2561,0,-2,2602,2597,3711,3611,112,3620,90
05:22:47.202 [TLM] 39848,12870,-1027,1229,3161,2702,2449,0,259,2340,2859,-1536,8661,112,3620,90
05:22:47.203 [TLM] 39858,12896,-1053,1229,3148,2587,2640,0,9,2590,2609,3124,3248,112,3620,90
05:22:47.236 [TLM] 39868,12919,-1076,1229,3146,2595,2564,0,-4,2604,2595,3200,3969,112,3620,90
05:22:47.238 [TLM] 39878,12947,-1105,1229,3148,2570,2655,0,-5,2605,2594,3585,2762,112,3620,90
05:22:47.271 [TLM] 39888,12973,-1131,1228,3150,2588,2622,0,-2,2602,2597,3382,3095,112,20004,90
05:22:47.273 [TLM] 39898,12999,-1157,1228,3153,2594,2606,-4,3632,-1032,6232,-12000,12000,112,3748,90
05:22:47.307 [TLM] 39908,13023,-1181,1227,3197,1745,3169,-10,625,1974,3225,-399,11370,112,3748,90
05:22:47.343 [TLM] 39918,13048,-1205,1225,3314,1069,3693,-20,3787,-1187,6387,-12000,12000,112,3748,90
05:22:47.343 [TLM] 39928,13069,-1225,1219,3515,195,4278,-22,2019,580,4619,-4207,12000,112,3748,90
05:22:47.380 [TLM] 39938,13093,-1246,1206,3790,829,4116,-15,1059,1540,3659,6511,11279,112,3748,90
05:22:47.384 [TLM] 39948,13118,-1264,1189,4011,1009,4138,-13,1237,1362,3837,4053,10853,112,3748,90
05:22:47.413 [TLM] 39958,13145,-1278,1166,4268,795,4302,-14,1082,1517,3682,10760,5792,112,3748,90
05:22:47.414 [TLM] 39968,13173,-1286,1140,4491,1398,4022,-14,1465,1134,4065,-1525,12000,112,20132,90
05:22:47.448 [TLM] 39978,13197,-1288,1116,4715,804,4061,-12,838,1761,3438,12000,1872,112,20132,90
05:22:47.483 [TLM] 39988,13221,-1285,1091,4919,1574,3377,-9,790,1809,3390,10339,9446,112,3876,90
05:22:47.486 [TLM] 39998,13243,-1279,1071,5089,1668,2750,-6,543,2056,3143,12000,12000,112,3876,90
05:22:47.518 [TLM] 40008,13268,-1268,1048,5213,2092,3071,-6,570,2029,3170,10168,10032,112,3876,90
05:22:47.519 [TLM] 40018,13300,-1251,1021,5337,2363,3220,-6,249,2350,2849,10237,2876,112,3876,90
05:22:47.551 [TLM] 40028,13324,-1236,1003,5405,2303,3436,-7,568,2031,3168,5606,5135,112,3876,90
05:22:47.553 [TLM] 40038,13350,-1218,984,5475,2033,3122,-6,238,2361,2838,12000,3503,112,3876,90
05:22:47.587 [TLM] 40048,13381,-1196,962,5551,2192,3175,-6,567,2032,3167,4560,7463,112,3876,90
05:22:47.624 [TLM] 40058,13406,-1177,946,5622,2619,2377,0,-130,2730,2469,11815,5277,112,3876,90
05:22:47.625 [TLM] 40068,13433,-1155,930,5635,2752,2573,0,4,2595,2604,7279,4901,112,3876,90
05:22:47.657 [TLM] 40078,13460,-1134,914,5634,2683,2542,0,1,2598,2601,7343,5225,112,3876,90
05:22:47.658 [TLM] 40088,13485,-1114,898,5624,2849,2632,0,2,2597,2602,4220,4216,112,3876,90
05:22:47.692 [TLM] 40098,13514,-1091,880,5613,2799,2629,0,-1,2601,2598,3890,3957,112,3876,90
05:22:47.694 [TLM] 40108,13539,-1072,865,5605,2787,2595,0,664,1935,3264,-5871,12000,112,3876,90
05:22:47.729 [TLM] 40118,13569,-1048,846,5606,2709,2696,2,-1115,3715,1484,12000,-12000,112,3876,90
05:22:47.764 [TLM] 40128,13592,-1031,831,5577,2877,2310,0,548,2051,3148,-5970,12000,112,3876,90
05:22:47.767 [TLM] 40138,13621,-1008,812,5571,2770,2575,1,-592,3192,2007,11603,-5010,112,3876,90
05:22:47.797 [TLM] 40148,13644,-991,797,5556,2536,2623,0,-2,2602,2597,5173,3518,112,3876,90
05:22:47.798 [TLM] 40158,13674,-969,777,5555,2646,2642,0,-38,2638,2561,4038,2495,112,3876,90
05:22:47.833 [TLM] 40168,13697,-951,761,5550,2655,2566,0,14,2585,2614,2938,4065,112,3876,90
05:22:47.835 [TLM] 40178,13726,-930,742,5549,2640,2624,0,-4,2604,2595,3307,2881,112,3876,90
05:22:47.868 [TLM] 40188,13750,-912,726,5546,2870,2470,1,-185,2785,2414,3255,1540,112,3876,90
05:22:47.902 [TLM] 40198,13779,-891,707,5535,2598,2602,0,0,2600,2599,3386,3303,112,3876,90
05:22:47.903 [TLM] 40208,13805,-872,689,5538,2569,2667,0,7,2592,2607,3593,2488,112,3876,90
05:22:47.938 [TLM] 40218,13831,-853,671,5540,2593,2632,0,-19,2619,2580,3628,2398,112,3876,90
05:22:47.938 [TLM] 40228,13855,-835,655,5538,2640,2618,0,14,2585,2614,2475,3008,112,3876,90
05:22:47.972 [TLM] 40238,13883,-814,636,5534,2780,2438,0,-24,2624,2575,894,4898,112,53028,90
05:22:47.972 [TLM] 40248,13906,-797,620,5530,2595,2564,0,-2,2602,2597,2918,3725,112,3877,90
05:22:48.007 [TLM] 40258,13935,-776,601,5531,2594,2646,0,-1,2601,2598,2985,2701,112,3877,90
05:22:48.042 [TLM] 40268,13958,-759,585,5533,2544,2573,0,-3,2603,2596,3734,3484,112,3877,90
05:22:48.043 [TLM] 40278,13988,-738,565,5536,2698,2602,0,-2,2602,2597,1782,2990,112,3877,90
05:22:48.077 [TLM] 40288,14011,-721,549,5537,2754,2444,2,-382,2982,2217,7417,-1321,112,3877,90
05:22:48.078 [TLM] 40298,14038,-701,530,5511,2366,2742,0,-2,2602,2597,6740,1217,112,3877,90
05:22:48.114 [TLM] 40308,14062,-684,514,5500,2654,2590,0,0,2600,2599,2952,3324,112,3877,90
05:22:48.114 [TLM] 40318,14090,-664,493,5492,2561,2598,0,-267,2867,2332,7183,116,112,3877,90
05:22:48.148 [TLM] 40328,14114,-648,477,5490,2653,2606,-1,623,1976,3223,-6583,12000,112,3877,90
05:22:48.182 [TLM] 40338,14140,-629,458,5514,2640,2564,0,-4,2604,2595,2895,3908,112,3877,90
05:22:48.184 [TLM] 40348,14167,-609,439,5518,2419,2488,1,305,2294,2905,2091,8630,112,3877,90
05:22:48.219 [TLM] 40358,14191,-592,423,5526,2469,2690,0,2,2597,2602,5765,2396,112,3877,90
05:22:48.219 [TLM] 40368,14220,-571,403,5532,2602,2646,0,0,2600,2599,4241,2674,112,3877,90
05:22:48.252 [TLM] 40378,14243,-554,387,5529,2600,2607,0,-1,2601,2598,4143,3141,112,20261,90
05:22:48.252 [TLM] 40388,14272,-533,368,5516,2625,2535,0,6,2593,2606,3224,4415,112,4005,90
05:22:48.286 [TLM] 40398,14298,-514,349,5512,2622,2625,0,298,2301,2898,-1434,7535,112,4005,90
05:22:48.322 [TLM] 40408,14325,-495,331,5528,2541,2744,0,-87,2687,2512,5265,213,112,4005,90
05:22:48.323 [TLM] 40418,14351,-476,313,5542,2138,3061,-3,623,1976,3223,-964,7381,112,4005,90
05:22:48.358 [TLM] 40428,14374,-459,298,5579,2507,2380,0,310,2289,2910,1134,10399,112,4005,90
05:22:48.358 [TLM] 40438,14397,-441,283,5603,1757,3222,-5,509,2090,3109,5841,5541,112,4005,90
05:22:48.392 [TLM] 40448,14425,-418,266,5655,2282,2774,-3,716,1883,3316,-1299,11733,112,4005,90
05:22:48.392 [TLM] 40458,14449,-399,252,5684,1954,3518,-5,616,1983,3216,3128,2379,112,4005,90
05:22:48.429 [TLM] 40468,14476,-376,238,5725,2594,2376,-6,2303,296,4903,-12000,12000,112,4005,90
05:22:48.463 [TLM] 40478,14500,-356,225,5751,2085,3287,-6,581,2018,3181,1841,5732,112,4005,90
05:22:48.463 [TLM] 40488,14529,-330,211,5813,2092,3447,-6,626,1973,3226,826,4114,112,4005,90
05:22:48.499 [TLM] 40498,14552,-309,202,5883,2015,3204,-6,563,2036,3163,3018,5993,112,4005,90
05:22:48.499 [TLM] 40508,14581,-282,192,5972,2034,3176,-5,286,2313,2886,6834,1853,112,4005,90
05:22:48.532 [TLM] 40518,14608,-256,185,6047,2012,3246,-6,589,2010,3189,2504,5151,112,4005,90
05:22:48.534 [TLM] 40528,14634,-230,180,6132,2115,3235,-6,572,2027,3172,1266,4557,112,4005,90
05:22:48.570 [TLM] 40538,14659,-205,178,6211,2269,2680,-1,-145,2745,2454,11463,-364,112,4005,90
05:22:48.602 [TLM] 40548,14682,-183,176,6253,1956,2937,-6,580,2019,3180,2921,9640,112,4005,90
05:22:48.603 [TLM] 40558,14710,-155,177,6334,2536,2332,0,13,2586,2613,7097,6689,112,4005,90
05:22:48.637 [TLM] 40568,14732,-133,179,6374,1836,2933,-4,313,2286,2913,9990,6038,112,4005,90
05:22:48.638 [TLM] 40578,14763,-102,183,6434,2478,2839,-4,907,1692,3507,-6343,12000,112,4005,90
05:22:48.672 [TLM] 40588,14784,-81,186,6480,1840,2974,-3,-3,2603,2596,12000,695,112,4005,90
05:22:48.672 [TLM] 40598,14812,-54,193,6527,2020,3014,-6,575,2024,3175,4012,9630,112,4005,90
05:22:48.707 [TLM] 40608,14838,-29,200,6583,2125,3276,-6,578,2021,3178,2330,5359,112,4005,90
05:22:48.743 [TLM] 40618,14867,-2,209,6654,2095,3249,-6,573,2026,3173,2325,5412,112,4005,90
05:22:48.744 [TLM] 40628,14894,22,220,6730,2242,3051,-2,-356,2956,2243,12000,-6746,112,4005,90
05:22:48.778 [TLM] 40638,14919,44,232,6765,2165,2816,-6,584,2015,3184,-225,11620,112,4005,90
05:22:48.778 [TLM] 40648,14943,65,243,6827,2049,3292,-6,574,2025,3174,1881,5606,112,4005,90
05:22:48.812 [TLM] 40658,14971,88,259,6909,2339,2862,-3,515,2084,3115,231,8669,112,4005,90
05:22:48.814 [TLM] 40668,14994,107,273,6967,1901,3383,-6,569,2030,3169,3959,4040,112,4005,90
05:22:48.849 [TLM] 40678,15022,128,292,7045,2339,2763,-3,467,2132,3067,1470,8948,112,4005,90
05:22:48.884 [TLM] 40688,15046,145,309,7089,2091,3185,-4,113,2486,2713,8517,-502,112,4005,90
05:22:48.884 [TLM] 40698,15075,164,330,7138,2272,2844,-6,124,2475,2724,4523,5235,112,4005,90
05:22:48.919 [TLM] 40708,15098,179,348,7186,2029,3291,-6,567,2032,3167,1169,5995,112,4005,90
05:22:48.919 [TLM] 40718,15127,195,372,7265,2453,2777,-2,153,2446,2753,3404,4569,112,4005,90
05:22:48.953 [TLM] 40728,15151,208,392,7324,1662,3229,-4,-638,3238,1961,12000,-10916,112,4005,90
05:22:48.954 [TLM] 40738,15174,219,413,7402,2489,2177,0,3,2596,2603,7456,9839,112,4005,90
05:22:48.987 [TLM] 40748,15200,229,436,7445,1742,3248,-5,1139,1460,3739,-399,12000,112,4005,90
05:22:49.022 [TLM] 40758,15226,239,461,7508,1993,3245,-6,573,2026,3173,5414,5551,112,4005,90
05:22:49.022 [TLM] 40768,15255,248,488,7563,2156,3330,-6,580,2019,3180,2173,4248,112,4005,90
05:22:49.057 [TLM] 40778,15281,254,513,7631,2055,3244,-6,584,2015,3184,2832,5107,112,4005,90
05:22:49.057 [TLM] 40788,15305,259,537,7699,2138,3316,-6,573,2026,3173,1642,3776,112,4005,90
05:22:49.093 [TLM] 40798,15334,262,566,7789,2129,3146,-2,-612,3212,1987,12000,-12000,112,4005,90
05:22:49.093 [TLM] 40808,15359,263,591,7827,2665,2568,-4,1573,1026,4173,-12000,12000,112,4005,90
05:22:49.126 [TLM] 40818,15383,263,615,7886,1910,3061,-1,-544,3144,2055,12000,-9320,112,4005,90
05:22:49.163 [TLM] 40828,15408,261,640,7911,2491,2646,-5,1412,1187,4012,-12000,12000,112,4005,90
05:22:49.164 [TLM] 40838,15436,259,667,7957,2127,3307,-6,573,2026,3173,2437,5392,112,4005,90
05:22:49.196 [TLM] 40848,15459,256,690,8018,2152,3272,-6,582,2017,3182,1704,5797,112,4005,90
05:22:49.198 [TLM] 40858,15488,249,719,8105,2118,3217,-5,256,2343,2856,6543,1472,112,4005,90
05:22:49.233 [TLM] 40868,15515,242,744,8173,2065,3217,-6,585,2014,3185,1938,5992,112,4005,90
05:22:49.234 [TLM] 40878,15542,232,769,8259,2298,2955,-3,293,2306,2893,4655,2874,112,4005,90
05:22:49.270 [TLM] 40888,15567,222,792,8322,1861,3187,-4,-356,2956,2243,12000,-7922,112,4005,90
05:22:49.302 [TLM] 40898,15593,209,815,8371,2496,2628,-6,1905,694,4505,-12000,12000,112,4005,90
05:22:49.302 [TLM] 40908,15618,196,836,8417,2115,3103,-6,577,2022,3177,2190,7129,112,4005,90
05:22:49.336 [TLM] 40918,15644,181,858,8486,1952,3470,-6,485,2114,3085,5152,1530,112,4005,90
05:22:49.337 [TLM] 40928,15670,165,878,8556,1977,3149,-6,578,2021,3178,3565,6262,112,4005,90
05:22:49.374 [TLM] 40938,15697,147,898,8625,2188,3079,-2,-572,3172,2027,12000,-10696,112,4005,90
05:22:49.375 [TLM] 40948,15722,129,916,8647,2392,2794,-5,1479,1120,4079,-12000,12000,112,4005,90
05:22:49.408 [TLM] 40958,15745,112,931,8698,2106,3094,-3,-407,3007,2192,12000,-7320,112,4005,90
05:22:49.443 [TLM] 40968,15773,91,949,8757,1878,3094,-6,577,2022,3177,4315,8130,112,4005,90
05:22:49.444 [TLM] 40978,15800,69,965,8845,2083,3334,-5,224,2375,2824,7212,-498,112,4005,90
05:22:49.478 [TLM] 40988,15826,47,978,8907,2158,2975,-6,903,1696,3503,-3843,12000,112,4005,90
05:22:49.478 [TLM] 40998,15849,26,989,8976,1976,3415,-3,-179,2779,2420,12000,-8017,112,4005,90
05:22:49.512 [TLM] 41008,15877,1,1000,9030,2358,2832,-6,1222,1377,3822,-10240,12000,112,4005,90
05:22:49.514 [TLM] 41018,15900,-20,1008,9092,2014,3247,-6,573,2026,3173,3434,6009,112,4005,90
05:22:49.547 [TLM] 41028,15930,-49,1016,9183,2014,3346,-4,-329,2929,2270,12000,-9006,112,4005,90
05:22:49.582 [TLM] 41038,15952,-71,1021,9239,2737,2509,-3,690,1909,3290,-6322,12000,112,4005,90
05:22:49.584 [TLM] 41048,15982,-100,1025,9306,2331,2967,-2,149,2450,2749,6005,1941,112,4005,90
05:22:49.618 [TLM] 41058,16005,-123,1027,9346,2475,2680,-3,684,1915,3284,-3578,12000,112,4005,90
05:22:49.619 [TLM] 41068,16036,-154,1029,9401,2399,3193,-3,286,2313,2886,2926,479,112,4005,90
05:22:49.652 [TLM] 41078,16057,-175,1029,9446,1643,3193,-6,579,2020,3179,7339,5970,112,4005,90
05:22:49.653 [TLM] 41088,16086,-204,1027,9524,2051,3121,-6,574,2025,3174,2561,6613,112,4005,90
05:22:49.686 [TLM] 41098,16111,-229,1024,9589,2103,3269,-6,585,2014,3185,1488,4581,112,4005,90
05:22:49.722 [TLM] 41108,16139,-256,1017,9675,2083,3216,-6,573,2026,3173,1892,4855,112,4005,90
05:22:49.723 [TLM] 41118,16165,-281,1010,9763,2047,3186,-3,-514,3114,2085,12000,-11445,112,4005,90
05:22:49.758 [TLM] 41128,16191,-305,1000,9806,2441,2710,-4,1200,1399,3800,-10937,12000,112,4005,90
05:22:49.758 [TLM] 41138,16212,-325,992,9870,2195,2730,0,-1810,4410,789,12000,-12000,112,4005,90
05:22:49.791 [TLM] 41148,16241,-350,979,9909,2621,2535,0,27,2572,2627,5975,5044,112,4005,90
05:22:49.792 [TLM] 41158,16265,-371,967,9925,2270,3043,-2,336,2263,2936,5086,3846,112,4005,90
05:22:49.827 [TLM] 41168,16294,-396,953,9962,2424,2916,-5,1035,1564,3635,-8088,12000,112,4005,90
05:22:49.864 [TLM] 41178,16318,-416,940,10017,2070,3142,-4,-92,2692,2507,11683,-2628,112,4005,90
05:22:49.865 [TLM] 41188,16347,-440,923,10074,2371,2942,-6,1289,1310,3889,-12000,12000,112,4005,90
05:22:49.897 [TLM] 41198,16368,-456,909,10142,2057,2845,0,-28,2628,2571,12000,-605,112,4005,90
05:22:49.899 [TLM] 41208,16396,-477,890,10176,2648,2565,0,9,2590,2609,6584,3588,112,20389,90
05:22:49.932 [TLM] 41218,16422,-496,872,10187,2025,3202,-4,417,2182,3017,6768,3092,112,4133,90
05:22:49.933 [TLM] 41228,16448,-514,854,10220,2724,2411,0,12,2587,2612,5706,5475,112,4133,90
05:22:49.968 [TLM] 41238,16476,-533,834,10240,2326,3037,0,-976,3576,1623,12000,-12000,112,4133,90
05:22:50.004 [TLM] 41248,16502,-551,815,10257,2832,2575,0,21,2578,2621,3076,3950,112,4133,90
05:22:50.005 [TLM] 41258,16528,-569,796,10260,2750,2589,0,857,1742,3457,-8347,12000,112,4133,90
05:22:50.037 [TLM] 41268,16554,-586,776,10264,2646,2585,0,6,2593,2606,5181,3109,112,4133,90
05:22:50.038 [TLM] 41278,16581,-604,756,10258,2387,3037,-2,194,2405,2794,4426,1186,112,4133,90
05:22:50.072 [TLM] 41288,16604,-620,739,10259,2719,2427,-1,17,2582,2617,3412,4944,112,4133,90
05:22:50.072 [TLM] 41298,16632,-638,719,10257,2070,2919,-1,-765,3365,1834,12000,-10244,112,4133,90
05:22:50.108 [TLM] 41308,16658,-656,700,10260,2672,2551,0,217,2382,2817,738,7784,112,4133,90
05:22:50.143 [TLM] 41318,16684,-673,680,10260,2563,2674,0,-173,2773,2426,7533,554,112,4133,90
05:22:50.144 [TLM] 41328,16711,-691,660,10252,2684,2652,-2,702,1897,3302,-7631,12000,112,4133,90
05:22:50.177 [TLM] 41338,16735,-708,642,10270,2661,2489,0,-7,2607,2592,3914,5370,112,4133,90
05:22:50.177 [TLM] 41348,16759,-724,624,10276,2593,2670,0,3,2596,2603,4559,3137,112,4133,90
05:22:50.212 [TLM] 41358,16789,-743,602,10281,2666,2669,-3,1992,607,4592,-12000,12000,112,53285,90
05:22:50.213 [TLM] 41368,16815,-760,582,10278,2671,2626,0,-112,2712,2487,4641,1276,112,4134,90
05:22:50.246 [TLM] 41378,16841,-777,563,10262,2785,2414,0,225,2374,2825,-1859,8819,112,4134,90
05:22:50.283 [TLM] 41388,16866,-795,544,10252,2629,2508,0,1,2598,2601,3357,4455,112,4134,90
05:22:50.284 [TLM] 41398,16893,-813,524,10246,2669,2589,0,0,2600,2599,2724,3501,112,4134,90
05:22:50.319 [TLM] 41408,16916,-828,507,10245,2608,2568,0,0,2600,2599,3404,3794,113,4134,90
05:22:50.321 [TLM] 41418,16945,-848,486,10246,2602,2657,0,-4,2604,2595,3357,2376,113,4134,90
05:22:50.354 [TLM] 41428,16971,-866,467,10245,2642,2638,0,0,2599,2600,2773,2668,113,4134,90
05:22:50.355 [TLM] 41438,16997,-884,448,10244,2589,2602,0,6,2593,2606,3346,3215,113,4134,90
05:22:50.387 [TLM] 41448,17023,-901,429,10244,2587,2615,0,0,2600,2599,3470,2983,113,4134,90
05:22:50.423 [TLM] 41458,17049,-919,410,10243,2564,2594,0,0,2599,2600,3814,3254,113,4134,90
05:22:50.423 [TLM] 41468,17075,-937,391,10242,2481,2711,0,-451,3051,2148,10756,-4029,113,4134,90
05:22:50.459 [TLM] 41478,17101,-955,372,10237,2703,2493,0,6,2593,2606,1538,4767,113,4134,90
05:22:50.459 [TLM] 41488,17125,-971,355,10242,2632,2596,0,-261,2861,2338,6578,-561,113,4134,90
05:22:50.493 [TLM] 41498,17152,-990,335,10222,2514,2490,-4,1420,1179,4020,-12000,12000,113,4134,90
05:22:50.494 [TLM] 41508,17176,-1006,318,10251,2325,2607,0,-16,2616,2583,7244,4678,113,4134,90
05:22:50.528 [TLM] 41518,17203,-1024,298,10257,2506,2823,0,5,2594,2605,4999,2358,113,4134,90
05:22:50.564 [TLM] 41528,17229,-1042,279,10262,2575,2678,0,-2,2602,2597,4534,3843,113,4134,90
05:22:50.564 [TLM] 41538,17255,-1059,259,10263,2692,2577,0,9,2590,2609,2765,5107,113,4134,90
05:22:50.597 [TLM] 41548,17279,-1075,241,10266,2681,2668,1,-256,2856,2343,6844,-202,113,4134,90
05:22:50.598 [TLM] 41558,17308,-1095,220,10251,2552,2650,0,3,2596,2603,4033,3779,113,4134,90
05:22:50.633 [TLM] 41568,17335,-1113,200,10249,2608,2602,0,1,2598,2601,3493,3741,113,4134,90
05:22:50.635 [TLM] 41578,17361,-1131,181,10242,2686,2564,0,0,2599,2600,2417,4239,113,4134,90
05:22:50.669 [TLM] 41588,17387,-1149,162,10241,2612,2594,0,0,2600,2599,3340,3731,113,20518,90
05:22:50.704 [TLM] 41598,17413,-1166,143,10251,2138,2950,-3,290,2309,2890,3946,4626,113,4262,90
05:22:50.705 [TLM] 41608,17439,-1183,123,10301,2030,3095,-5,572,2027,3172,606,7401,113,4262,90
05:22:50.738 [TLM] 41618,17465,-1199,102,10389,1928,3301,-6,581,2018,3181,1911,4645,113,4262,90
05:22:50.739 [TLM] 41628,17488,-1211,83,10478,1680,3373,-13,2168,431,4768,-12000,12000,113,4262,90
05:22:50.771 [TLM] 41638,17514,-1222,59,10655,907,4073,-16,1428,1171,4028,-120,12000,113,4262,90
05:22:50.771 [TLM] 41648,17540,-1227,35,10867,778,4213,-16,1654,945,4254,-773,12000,113,4262,90
05:22:50.807 [TLM] 41658,17565,-1227,9,11103,622,4434,-16,1012,1587,3612,11684,566,113,4262,90
05:22:50.843 [TLM] 41668,17592,-1221,-16,11338,1157,4242,-16,1445,1154,4045,-26,7995,113,4262,90
05:22:50.844 [TLM] 41678,17616,-1210,-37,11574,864,4046,-15,1432,1167,4032,5126,9649,113,4262,90
05:22:50.878 [TLM] 41688,17640,-1194,-55,11775,1050,3934,-15,1368,1231,3968,4581,9199,113,4262,90
05:22:50.916 [TLM] 41698,17665,-1174,-71,11982,1124,4251,-15,1460,1139,4060,3012,6789,113,4262,90
05:22:50.917 [TLM] 41708,17689,-1153,-82,12199,1205,2961,-12,984,1615,3584,11385,12000,113,4262,90
05:22:50.919 [TLM] 41718,17714,-1129,-89,12360,1862,3044,-6,-630,3230,1969,12000,-8063,113,4262,90
05:22:50.948 [TLM] 41728,17744,-1099,-92,12490,2224,3707,-6,582,2017,3182,4717,942,113,4262,90
05:22:50.984 [TLM] 41738,17766,-1077,-93,12578,1621,2649,-6,583,2016,3183,12000,12000,113,4262,90
05:22:50.984 [TLM] 41748,17796,-1047,-91,12656,2882,3089,-6,367,2232,2967,-1066,6180,113,4262,90
05:22:51.018 [TLM] 41758,17820,-1024,-88,12716,2122,2600,0,-683,3283,1916,12000,-5575,113,4262,90
05:22:51.018 [TLM] 41768,17841,-1003,-85,12738,2932,2176,0,9,2590,2609,6690,11522,113,4262,90
05:22:51.052 [TLM] 41778,17870,-975,-80,12745,2575,2624,0,-102,2702,2497,12000,5024,113,4262,90
05:22:51.053 [TLM] 41788,17894,-951,-75,12745,2740,2527,0,-7,2607,2592,8109,7820,113,4262,90
05:22:51.089 [TLM] 41798,17926,-919,-70,12740,3023,2771,0,-5,2605,2594,3171,4223,113,4262,90
05:22:51.123 [TLM] 41808,17950,-895,-66,12734,2805,2736,3,-756,3356,1843,12000,-7274,113,4262,90
05:22:51.124 [TLM] 41818,17978,-867,-61,12689,2794,2403,0,35,2564,2635,3892,9246,113,4262,90
05:22:51.157 [TLM] 41828,18004,-842,-59,12671,2871,2829,0,-4,2604,2595,2945,3121,113,4262,90
05:22:51.158 [TLM] 41838,18034,-812,-56,12658,2878,2631,1,10,2589,2610,2443,4459,113,37030,90
05:22:51.193 [TLM] --- TELEMETRY END ---